0.0014865467518953472  5441.246641817665
0.0015037601520141196  5497.539996315385
0.0015211728739122248  5554.3540195643545
0.001538787225627091  5611.691972420595
0.0015566055419219558  5669.55710553223
0.0015746301845953451  5727.952658605442
0.0015928635427941223  5786.8818596584915
0.0016113080333301677  5846.347924263804
0.0016299661010007213  5906.3540547780485
0.0016488402189124439  5966.903439560292
0.0016679328888092211  6027.999249668572
0.001687246641403769  6089.644542650852
0.0017067840367130712  6151.842227613595
0.0017265476643977145  6214.595178411989
0.001746540144105142  6277.906240841545
0.0017667641258168859  6341.778231564819
0.0017872222901998112  6406.213937023697
0.001807917348961451  6471.21611233716
0.0018288520452094266  6536.787480184883
0.0018500291538150523  6602.930729676226
0.001871451481781132  6669.648515205031
0.0018931218686140353  6736.9434552902485
0.001915043186700065  6804.8181314022
0.00193721834168619  6873.275086774793
0.0019596502728651817  6942.316825203662
0.001982341953565221  7011.945809830266
0.0020052963915440066  7082.164461912126
0.00202851662938743  7152.975159579206
0.0020520057449128666  7224.380236576545
0.0020757668515771336  7296.381980993384
0.002099803098889184  7368.982630700916
0.002124117672827564  7442.184247485272
0.0021487137962627146  7515.988671393115
0.0021735947293841508  7590.397668465255
0.0021987637701326107  7665.41293992771
0.0022242242546371828  7741.03612058935
0.0022499795576575127  7817.268777225406
0.002276033093031114  7894.112406947071
0.0023023883141258827  7971.568435557718
0.0023290487142978277  8049.638215895971
0.0023560178273541164  8128.323026165541
0.0023832992280214686  8207.62406825282
0.002410896532419994  8287.542466031782
0.0024388133985424987  8368.079263657346
0.002467053526739351  8449.235423846842
0.00249562066020895  8531.011826150223
0.0025245185854938968  8613.409265209764
0.0025537511329828864  8696.428449008841
0.002583322177418428  8780.069997110983
0.0026132356384104254  8864.334438889031
0.002643495480955735  8949.222207317132
0.0026741057159637097  9034.733468955645
0.0027050704007878443  9120.86806261807
0.0027363936397635743  9207.625699174168
0.002768079584752293  9295.005974020078
0.0028001324356916905  9383.008364973333
0.00283255644115244  9471.63223016199
0.002865355898901348  9560.876805908503
0.002898535156471006  9650.741204609458
0.0029320986117360687  9741.224412611626
0.002966050713496178  9832.325288084958
0.0030003959620656484  9924.042558893996
0.0030351389098699716  10016.374820467536
0.0030702841620492485  10109.32053366843
0.003105836377068587  10202.878022663523
0.0031418002673355844  10297.045472795073
0.0031781805998249333  10391.82092845457
0.003214982196710302  10487.202290959522
0.0032522099360034968  10583.187316434563
0.003289868752201039  10679.773613697567
0.003327963636938219  10776.958635474675
0.0033664996396507506  10874.73942276759
0.00340548186824405  10973.112513701679
0.0034449154897702983  11072.074245876445
0.0034848057311133085  11171.620775934818
0.003525157879681367  11271.748077169035
0.003565977284108057  11372.45193714402
0.0036072693549612225  11473.72795533913
0.003649039565460133  11575.571540809815
0.003691293452200937  11677.977909871039
0.00373403661589056  11780.9420838038
0.0037772747220890497  11884.45888658627
0.003821013501960554  11988.522942651334
0.00386525875303296  12093.128674672129
0.003910016339966377  12198.27030137711
0.003955292195330472  12303.941835396598
0.004001092320390838  12410.13708114218
0.004047422785904434  12516.849632720754
0.004094289732924285  12624.072871885528
0.004141699373613452  12731.799966024699
0.004189657992068463  12840.023855902498
0.0042381719451522375  12948.736863359807
0.004287247663336711  13057.930553592632
0.004336891651555175  13167.596203199892
0.004387110490064496  13277.72483193198
0.0044379108353173186  13388.307200617586
0.004489299420844383  13499.333809155565
0.0045412830581470385  13610.794894573874
0.004593868637600107  13722.680429159125
0.004647063129365179  13834.98011865833
0.0047008735843145225  13947.68340055652
0.004755307134965657  14060.779442431513
0.00481037099642676  14174.257140390211
0.0048660724673530295  14288.105117587553
0.004922418930914094  14402.311722831599
0.004979417855772671  14516.865029277644
0.005037076797074512  14631.752833213037
0.005095403397449836  14746.962652936792
0.005154405388026337  14862.481727735725
0.0052140905894539616  14978.297016960054
0.005274466912941509  15094.39518820563
0.005335542361305267  15210.7621997322
0.005397325030029752  15327.383156519341
0.005459823108340785  15444.24281306319
0.005523044880290953  15561.32560908407
0.005586998725857653  15678.615669129951
0.0056516931220538325  15796.096802319382
0.005717136644051636  15913.752502228275
0.005783337966319021  16031.565946923816
0.00585030586376955  16149.51999914792
0.005918049212925484  16267.597206655184
0.005986576993094382  16385.779802707082
0.006055898287559278  16504.049706726433
0.006126022284782673  16622.38852511584
0.006196958279624432  16740.777552241736
0.0062687156745738415  16859.197771589566
0.006341303980995877  16977.629857090564
0.006414732820391928  17096.054174625613
0.006489011925675132  17214.45078370742
0.006564151142460422  17332.79943934505
0.006640160430369601  17451.079558086105
0.006717049864351452  17569.268856621205
0.0067948296360171734  17687.34289230024
0.006873510054991234  17805.276718195368
0.006953101550277957  17923.045005028
0.007033614671643828  18040.622044599644
0.007115060091015884  18157.981753517728
0.007197448603896231  18275.097677220878
0.007280791130793015  18391.94299430797
0.007365098718667907  18508.490521175496
0.007450382542400364  18624.712716966886
0.007536653906268834  18740.581688838385
0.007623924245449157  18856.0691975446
0.007712205127530266  18971.14666334755
0.007801508254047463  19085.78517225304
0.007891845462033425  19199.95548257661
0.007983228725587226  19313.628031843287
0.00807567015746147  19426.77294402264
0.008169182010667828  19539.360037102728
0.00826377668010114  19651.358831004523
0.008359466704182385  19762.738517971906
0.008456264766520609  19873.466538971017
0.008554183697594123  19983.50811664196
0.008653236476451191  20092.828008095137
0.00875343623243034  20201.390640983736
0.008854796246900703  20309.160124979033
0.00895732995502241  20416.100263718556
0.009061050947527417  20522.174567228052
0.00916597297252092  20627.346264819458
0.009272109937303688  20731.578318464908
0.009379475910215446  20834.833436647536
0.009488085122499613  20937.074088688598
0.009597951970189618  21038.262519550462
0.00970909101601713  21138.360765114518
0.009821516991342288  21237.330667931805
0.009935244798106362  21335.133893444738
0.010050289510806925  21431.731946676846
0.01016666637849605  21527.086189387304
0.010284390826801491  21621.157857686507
0.010403478459971367  21713.908080108136
0.010523945062942443  21805.297811497807
0.010645806603432466  21895.284656287993
0.010769079234056636  21983.821851554476
0.010893779294468626  22070.862199392715
0.011019923313526352  22156.358372699186
0.011147528011482917  22240.26294174689
0.01127661030220282  22322.528401481177
0.011407187295403874  22403.107199526905
0.011539276298925108  22481.951764895643
0.01167289482102084  22559.01453738125
0.011808060572681455  22634.247997629962
0.011944791469980927  22707.60469787149
0.012083105636451605  22779.037293294474
0.012223021405486418  22848.49857404939
0.012364557322769004  22915.94149786166
0.012507732148731897  22981.319223233902
0.01265256486104321  23044.58514321806
0.012799074657122057  23105.692919733363
0.012947280956683224  23164.59651840905
0.01309720340431119  23221.2502439249
0.01324886187206401  23275.608684464445
0.013402276462107284  23327.623305701887
0.013557467509378768  23377.24140676569
0.013714455584283677  23424.41040225097
0.013873261495421311  23469.078171513407
0.014033906292343148  23511.193105885748
0.014196411268343034  23550.70415651911
0.014360797963279518  23587.560882805865
0.014527088166430968  23621.713501338098
0.014695303919383665  23653.112935353805
0.014865467518953472  23681.710864621975
0.015037601520141197  23707.45977571341
0.015211728739122257  23730.31301260452
0.015387872256270902  23750.22482755697
0.015566055419219557  23767.150432216582
0.01574630184595345  23781.046048870816
0.01592863542794123  23791.868961803113
0.01611308033330167  23799.57756868084
0.01629966101000721  23804.13143191173
0.016488402189124438  23805.491329901168
0.016679328888092218  23803.61924033198
0.016872466414037685  23798.475843161017
0.017067840367130712  23790.019805398915
0.017265476643977148  23778.211002066142
0.01746540144105143  23763.010800124102
0.01766764125816885  23744.38211680444
0.017872222901998115  23722.289477492686
0.01807917348961451  23696.699073071977
0.018288520452094274  23667.5788166328
0.018500291538150512  23634.89839945293
0.01871451481781132  23598.629346148584
0.018931218686140356  23558.74506890038
0.019150431867000658  23515.220920651787
0.01937218341686189  23468.0342471822
0.019596502728651814  23417.164437951345
0.01982341953565221  23362.592975614974
0.020052963915440068  23304.303484109314
0.020285166293874307  23242.281775202187
0.020520057449128656  23176.51589341002
0.020757668515771335  23106.996159178387
0.02099803098889184  23033.71538164433
0.021241176728275652  22956.67531597063
0.021487137962627134  22875.888519938097
0.02173594729384151  22791.37031183483
0.021987637701326106  22703.138206476906
0.02224224254637184  22611.211920253514
0.022499795576575117  22515.613373992477
0.02276033093031114  22416.36669361338
0.023023883141258826  22313.498208539542
0.023290487142978288  22207.036447841227
0.023560178273541156  22097.012134087512
0.023832992280214686  21983.458174885778
0.02410896532419994  21866.40965209215
0.024388133985425  21745.903808678726
0.0246705352673935  21621.98003324687
0.024956206602089505  21494.67984218067
0.02524518585493897  21364.04685943512
0.02553751132982888  21230.12679396172
0.025833221774184265  21092.96741477261
0.026132356384104254  20952.618523652745
0.026434954809557352  20809.132749341654
0.026741057159637094  20662.596155088264
0.027050704007878457  20513.136232164663
0.02736393639763573  20360.8828537962
0.02768079584752293  20205.965394216197
0.028001324356916903  20048.512593829517
0.028325564411524416  19888.65242922085
0.028653558989013464  19726.51198808948
0.02898535156471006  19562.217349178194
0.02932098611736069  19395.893467251914
0.029660507134961794  19227.66406316645
0.030003959620656474  19057.651519057617
0.03035138909869971  18885.976778667216
0.030702841620492482  18712.75925281116
0.03105836377068589  18538.116729983627
0.03141800267335583  18362.165292081212
0.031781805998249334  18185.019235218755
0.03214982196710302  18006.79099560075
0.03252209936003498  17827.591080402588
0.032898687522010375  17647.528003605148
0.03327963636938219  17466.710047746383
0.0336649963965075  17285.297532711207
0.034054818682440514  17103.508042652666
0.03444915489770296  16921.55534190965
0.034848057311133086  16739.645800271497
0.03525157879681367  16557.978371355643
0.035659772841080566  16376.744594679358
0.03607269354961224  16196.128620111413
0.036490395654601306  16016.307253390858
0.036912934522009375  15837.450021406317
0.0373403661589056  15659.719255943504
0.03777274722089052  15483.270194628854
0.03821013501960552  15308.251097820716
0.0386525875303296  15134.80338023007
0.03910016339966377  14963.061756085921
0.039552921953304745  14793.154396698395
0.04001092320390836  14625.203099313294
0.040474227859044344  14459.32346619538
0.04094289732924285  14295.625092924822
0.04141699373613454  14134.212067856843
0.04189657992068461  13975.187295215377
0.042381719451522366  13818.651424835012
0.042872476633367115  13664.699658003863
0.04336891651555177  13513.421896387275
0.04387110490064495  13364.902983936512
0.044379108353173186  13219.222953160892
0.04489299420844382  13076.457275078592
0.0454128305814704  12936.677112224583
0.04593868637600105  12799.94957415602
0.046470631293651796  12666.337974955659
0.04700873584314522  12535.902092297589
0.04755307134965657  12408.69842769867
0.04810370996426762  12284.77958699025
0.048660724673530276  12164.143490213157
0.04922418930914095  12046.708031568018
0.049794178557726713  11932.38702756744
0.05037076797074514  11821.097132227196
0.05095403397449833  11712.757730412046
0.05154405388026337  11607.290835528891
0.05214090589453961  11504.620991371812
0.052744669129415125  11404.675177933876
0.05335542361305265  11307.369475938714
0.053973250300297516  11212.53907240328
0.054598231083407854  11119.99199295615
0.05523044880290956  11029.542312288011
0.05586998725857651  10941.009918442787
0.056516931220538316  10854.220228393535
0.057171366440516354  10769.002497193616
0.057833379663190236  10685.1442302806
0.058503058637695476  10602.383360400401
0.05918049212925485  10520.462357847455
0.05986576993094382  10439.131401346849
0.06055898287559281  10358.148207323698
0.0612602228478267  10277.263818496329
0.061969582796244316  10196.192588987828
0.06268715674573841  10114.649366358643
0.06341303980995876  10032.358621838886
0.06414732820391933  9949.05420899974
0.06489011925675128  9864.460719594648
0.06564151142460421  9778.28665523264
0.066401604303696  9690.250880297972
0.06717049864351456  9600.08526641979
0.06794829636017169  9507.544186560053
0.06873510054991235  9412.42328752871
0.06953101550277957  9314.536924709615
0.07033614671643831  9213.713349948523
0.0711506009101588  9109.80594330682
0.07197448603896231  9002.71334552786
0.07280791130793016  8892.353507128915
0.0736509871866791  8778.659194838618
0.0745038254240036  8661.61725828025
0.07536653906268834  8541.2848334449
0.07623924245449158  8417.733214206864
0.0771220512753027  8291.046719007454
0.0780150825404746  8161.3484353203785
0.07891845462033426  8028.782634988959
0.07983228725587227  7893.50084410487
0.08075670157461474  7755.751185833408
0.08169182010667825  7615.922517950601
0.08263776680101141  7474.403190364103
0.08359466704182386  7331.579658816032
0.08456264766520608  7187.87453042087
0.08554183697594128  7043.702473510779
0.08653236476451186  6899.4631445318355
0.08753436232430341  6755.603917732309
0.08854796246900704  6612.579697187225
0.08957329955022415  6470.818080395899
0.09061050947527413  6330.810334712951
0.0916597297252092  6193.088951963162
0.0927210993730369  6058.142458033993
0.0937947591021545  5926.412160808968
0.09488085122499607  5798.294418409223
0.0959795197018962  5674.146630381949
0.09709091016017131  5554.2998253816
0.09821516991342295  5439.0649024223
0.09935244798106356  5328.721632179976
0.10050289510806926  5223.483411495938
0.1016666637849605  5123.483411709723
0.10284390826801496  5028.835087201353
0.10403478459971362  4939.583040423147
0.10523945062942441  4855.6787847205205
0.10645806603432467  4777.068177442938
0.10769079234056642  4703.614100377247
0.10893779294468621  4635.065683876912
0.11019923313526353  4571.177828693197
0.11147528011482917  4511.628092394181
0.11276610302202819  4455.997744723707
0.11407187295403881  4403.880688235495
0.11539276298925102  4354.792566947016
0.11672894821020839  4308.170052657914
0.11808060572681454  4263.4667590742365
0.11944791469980932  4220.100059876733
0.12083105636451599  4177.462441577081
0.12223021405486417  4134.964336282753
0.12364557322769004  4091.987145546737
0.12507732148731907  4047.9054597470968
0.12652564861043203  4002.12988151992
0.1279907465712206  3954.1607413101374
0.12947280956683224  3903.5561101759813
0.13097203404311197  3849.9339522046103
0.13248861872064005  3793.0917161367415
0.13402276462107285  3732.9024316217037
0.13557467509378768  3669.3040240257096
0.13714455584283683  3602.3970603048506
0.13873261495421302  3532.3290486533365
0.14033906292343148  3459.333776082812
0.14196411268343034  3383.829829020753
0.14360797963279523  3306.252336140083
0.1452708816643096  3227.1317475263277
0.14695303919383665  3147.1565445757324
0.14865467518953474  3066.9846453970295
0.150376015201412  2987.2997172098317
0.15211728739122257  2908.8158430089657
0.15387872256270907  2832.183213323425
0.15566055419219557  2758.0196618844966
0.15746301845953456  2686.904638885968
0.15928635427941232  2619.3443041430714
0.16113080333301674  2555.6969710056796
0.1629966101000721  2496.2303730438125
0.16488402189124443  2441.153048988024
0.1667932888809222  2390.46632659681
0.16872466414037687  2344.1023623222045
0.17067840367130713  2301.933633092929
0.17265476643977148  2263.572539379077
0.17465401441051426  2228.5949194398268
0.17667641258168848  2196.542525667977
0.1787222290199811  2166.815049603359
0.18079173489614508  2138.818699009933
0.1828852045209427  2111.9296961996447
0.18500291538150512  2085.446765039316
0.18714514817811317  2058.6923936443504
0.18931218686140355  2031.033907484282
0.19150431867000653  2001.8867530273064
0.1937218341686189  1970.7182154987595
0.19596502728651807  1937.2419763688335
0.1982341953565221  1901.3732537595172
0.20052963915440072  1863.0814046336122
0.20285166293874307  1822.599145516243
0.20520057449128662  1780.295738188667
0.20757668515771335  1736.5653615316082
0.20998030988891847  1692.0055235416362
0.21241176728275651  1647.2513679953322
0.2148713796262714  1602.895243055988
0.2173594729384151  1559.5270652948682
0.21987637701326115  1517.6880160884848
0.22242242546371838  1477.8319722482902
0.22499795576575118  1440.2904220701855
0.2276033093031114  1405.3455244382465
0.23023883141258825  1373.1437376176839
0.2329048714297828  1343.6319692665068
0.23560178273541155  1316.7390338624018
0.23832992280214677  1292.2245462301412
0.24108965324199938  1269.6558097882776
0.24388133985424992  1248.6126011299855
0.24670535267393498  1228.5835751567772
0.24956206602089495  1208.990448853891
0.2524518585493897  1189.2966318052881
0.2553751132982887  1169.0873815506407
0.2583322177418427  1148.0274326898023
0.2613235638410425  1125.8443474045425
0.26434954809557354  1102.5047846595298
0.26741057159637105  1078.0688519822672
0.27050704007878457  1052.6540372246584
0.27363936397635735  1026.588986485395
0.2768079584752293  1000.2334231188117
0.2800132435691691  973.9653476772404
0.2832556441152442  948.2586799731545
0.2865355898901347  923.5603187138471
0.2898535156471006  900.1918684276143
0.293209861173607  878.2939880396257
0.29660507134961794  857.9727047130046
0.3000395962065648  839.187000198908
0.30351389098699716  821.7162657804272
0.3070284162049248  805.3415111223587
0.3105836377068588  789.7799583599278
0.31418002673355827  774.6909544525365
0.31781805998249324  759.7577690657649
0.3214982196710302  744.7190387991153
0.3252209936003497  729.3573284024027
0.3289868752201037  713.4967411525096
0.3327963636938219  697.179325762182
0.336649963965075  680.5564001661663
0.3405481868244051  663.7821887656312
0.3444915489770297  647.0805433996063
0.3484805731113308  630.6891782315016
0.35251578796813665  614.815963229429
0.3565977284108058  599.6116963104861
0.36072693549612245  585.199321727395
0.36490395654601315  571.6498022231588
0.3691293452200937  558.8502528446259
0.3734036615890561  546.6472472258969
0.37772747220890524  534.890446198362
0.3821013501960553  523.4043989813979
0.38652587530329596  512.0186512649573
0.39100163399663773  500.6021346313094
0.39552921953304737  489.13112887147986
0.4001092320390837  477.607891634205
0.4047422785904434  466.0578855691867
0.4094289732924285  454.5945262977853
0.41416993736134533  443.34340252454933
0.4189657992068461  432.40900117059954
0.42381719451522365  421.84294470855536
0.4287247663336711  411.6787545743516
0.4336891651555176  401.93565119939706
0.43871104900644947  392.56427825997
0.44379108353173174  383.4932168604473
0.44892994208443826  374.6564872532744
0.4541283058147039  365.9899362821347
0.45938686376001053  357.43276537974486
0.4647063129365178  348.9315520965446
0.4700873584314523  340.48594605461614
0.47553071349656584  332.1458061415605
0.4810370996426762  323.9587531868177
0.48660724673530287  315.9652445338678
0.4922418930914094  308.19587013276924
0.49794178557726726  300.67708825105876
0.5037076797074515  293.4253991608985
0.5095403397449835  286.40503760299674
0.5154405388026336  279.56112770711536
0.5214090589453962  272.8437110196189
0.5274466912941511  266.2266950905862
0.5335542361305265  259.7184017456856
0.5397325030029752  253.32932564318625
0.5459823108340787  247.069051013536
0.5523044880290956  240.94843124730633
0.5586998725857651  234.97857586723794
0.5651693122053831  229.16929134261207
0.5717136644051637  223.52630580061995
0.5783337966319022  218.03627285088893
0.5850305863769547  212.67964198781212
0.5918049212925482  207.4384624990951
0.5986576993094382  202.29822394731866
0.605589828755928  197.26016527538195
0.6126022284782671  192.3318987355058
0.619695827962443  187.52017558614682
0.626871567457384  182.83072919888696
0.6341303980995878  178.26308023335832
0.6414732820391932  173.81016711222776
0.648901192567513  169.4650247478048
0.6564151142460422  165.22116849100442
0.6640160430369603  161.07284521749585
0.6717049864351455  157.0179213929639
0.679482963601717  153.05637914506195
0.6873510054991234  149.18808195583708
0.6953101550277957  145.41274640317525
0.7033614671643831  141.72994084126952
0.7115060091015881  138.13831056859564
0.7197448603896229  134.63519018249485
0.7280791130793016  131.21789761595937
0.736509871866791  127.8838572521975
0.7450382542400361  124.63059531623504
0.7536653906268833  121.45573560315935
0.7623924245449158  118.35714116621573
0.7712205127530268  115.33316723991973
0.7801508254047459  112.382272010872
0.7891845462033423  109.50293437849407
0.7983228725587226  106.6936541607257
0.8075670157461472  103.95295227278542
0.8169182010667825  101.27937088001994
0.8263776680101139  98.6714706091095
0.8359466704182386  96.12777985510488
0.8456264766520611  93.64680730594499
0.8554183697594128  91.22709201543209
0.8653236476451189  88.8672045837238
0.8753436232430339  86.56574654642114
0.8854796246900706  84.32134977354319
0.8957329955022414  82.13267587828318
0.9061050947527415  79.99841563543805
0.9165972972520919  77.91728840940466
0.9272109937303691  75.88804172714453
0.9379475910215449  73.90945184732992
0.9488085122499609  71.98032250508406
0.9597951970189618  70.09948362871792
0.9709091016017131  68.26579081904511
0.9821516991342293  66.47812484518069
0.9935244798106357  64.73539114854101
1.0050289510806922  63.036519354958926
1.016666637849605  61.38046279482804
1.0284390826801495  59.76619803119422
1.0403478459971363  58.1927243957049
1.052394506294244  56.65906353233059
1.0645806603432468  55.16425894877354
1.0769079234056638  53.707375576837684
1.089377929446862  52.28749983661561
1.101992331352635  50.903739871765374
1.114752801148292  49.555223973547776
1.127661030220282  48.24109998021067
1.140718729540388  46.960534884749066
1.1539276298925105  45.7127144491441
1.167289482102084  44.49684282501525
1.1808060572681456  43.312142180619986
1.194479146998093  42.15785233413621
1.2083105636451603  41.03323039315896
1.2223021405486414  39.93755040034504
1.2364557322769005  38.870102985137365
1.2507732148731905  37.83019502150102
1.2652564861043205  36.817149291601574
1.2799074657122056  35.830304155357545
1.2947280956683227  34.86901322579672
1.3097203404311195  33.93264505014745
1.3248861872064004  33.020582796404796
1.3402276462107283  32.13222387689499
1.3557467509378769  31.266979555086372
1.371445558428368  30.42427480898818
1.3873261495421303  29.603548065916293
1.4033906292343146  28.804250914788778
1.4196411268343037  28.02584782375232
1.4360797963279521  27.267815863065685
1.4527088166430961  26.529644433167462
1.4695303919383662  25.81083499785394
1.4865467518953472  25.110900822494845
1.5037601520141202  24.42936671721357
1.5211728739122257  23.765768784960382
1.5387872256270907  23.11965417440594
1.5566055419219558  22.490580837584233
1.5746301845953454  21.87811729221302
1.592863542794123  21.28184238862177
1.6113080333301675  20.701345081216445
1.6299661010007211  20.136224204411526
1.648840218912444  19.586088252959883
1.6679328888092217  19.05055515879514
1.6872466414037686  18.529251543170226
1.706784036713071  18.021812238359022
1.726547664397715  17.527880973648134
1.746540144105143  17.047110255043275
1.7667641258168851  16.57916116027792
1.7872222901998112  16.123703138284778
1.807917348961451  15.680413813042074
1.8288520452094272  15.248978791708172
1.8500291538150513  14.829091476959372
1.8714514817811319  14.42045288344773
1.8931218686140356  14.022771458296264
1.9150431867000657  13.635762905551086
1.937218341686189  13.259150014511073
1.9596502728651808  12.892662491857036
1.982341953565221  12.536036797503789
2.005296391544007  12.189015984099838
2.0285166293874304  11.851349540100692
2.052005744912866  11.522793236343187
2.0757668515771335  11.203108976049272
2.0998030988891845  10.892064651388296
2.124117672827565  10.589434215784681
2.148713796262714  10.294997650200079
2.173594729384151  10.008540470538849
2.198763770132611  9.729853562859676
2.2242242546371838  9.45873305677138
2.249979557657512  9.194980201567638
2.2760330930311135  8.938401245048984
2.302388314125883  8.68880731498087
2.3290487142978282  8.44601430313793
2.356017827354116  8.209842751884603
2.383299228021468  7.980117743243667
2.410896532419994  7.756668790404505
2.4388133985424996  7.539329731623827
2.46705352673935  7.32793862647237
2.4956206602089495  7.122337654381597
2.524518585493897  6.922373015445422
2.553751132982887  6.727894833432297
2.5833221774184265  6.538757060964197
2.613235638410425  6.354817386819243
2.643495480955735  6.175937144221755
2.6741057159637105  6.0019811485497705
2.705070400787845  5.832817574546851
2.7363936397635737  5.668317993386624
2.768079584752293  5.5083573005018795
2.8001324356916912  5.352813633270701
2.8325564411524415  5.201568290625058
2.865355898901347  5.054505654540527
2.8985351564710053  4.911513113366457
2.9320986117360692  4.772480986956841
2.966050713496179  4.637302453562768
3.0003959620656473  4.505873478448141
3.035138909869971  4.378092744191135
3.0702841620492487  4.253861582634473
3.105836377068589  4.133083908448479
3.1418002673355834  4.015666154271383
3.178180599824933  3.9015172073922355
3.2149821967103023  3.790548347942343
3.2522099360034975  3.6826731885618407
3.2898687522010372  3.5778076155087075
3.3279636369382186  3.4758697308729767
3.3664996396507503  3.3767797759187004
3.4054818682440513  3.2804600662725143
3.4449154897702963  3.186834972451194
3.484805731113308  3.0958308706416906
3.5251578796813665  3.007376091386569
3.5659772841080577  2.9214008695240894
3.6072693549612245  2.8378372953540514
3.6490395654601318  2.7566192670010836
3.6912934522009375  2.677682443947694
3.734036615890561  2.600964201709977
3.777274722089052  2.526403587629459
3.8210135019605524  2.4539412777551246
3.86525875303296  2.3835195347902154
3.910016339966377  2.3150821670789834
3.955292195330474  2.2485744886090497
4.001092320390836  2.1839432800056007
4.047422785904433  2.1211367504941565
4.094289732924285  2.0601045008091377
4.141699373613454  2.0007974870259586
4.189657992068462  1.9431679849875665
4.238171945152237  1.8871695352262938
4.287247663336712  1.8327568993495773
4.3368916515551765  1.7798860615691194
4.387110490064495  1.7285141997715636
4.437910835317318  1.6785996540114827
4.489299420844382  1.6301018958098064
4.541283058147039  1.582981498237872
4.593868637600105  1.5372001067677654
4.647063129365178  1.4927204108700258
4.7008735843145235  1.4495061163403113
4.755307134965658  1.407521918336981
4.810370996426762  1.3667334751120044
4.866072467353028  1.3271073824180464
4.922418930914095  1.2886111485749365
4.979417855772672  1.2512131701791709
5.037076797074514  1.2148827084404488
5.095403397449835  1.1795898661296564
5.154405388026337  1.145305565123055
5.214090589453963  1.112001524527815
5.274466912941512  1.0796502395703014
5.335542361305267  1.0482249740298493
5.397325030029752  1.0176997464309139
5.459823108340785  0.9880492885272351
5.523044880290955  0.9592490242552955
5.586998725857651  0.9312750513405896
5.65169312205383  0.904104123374387
5.717136644051636  0.8777136323495486
5.783337966319022  0.8520815916441893
5.850305863769547  0.8271866194422429
5.918049212925483  0.8030079225802454
5.986576993094382  0.7795252808098886
6.0558982875592795  0.7567190314661283
6.126022284782669  0.7345700545308927
6.19695827962443  0.7130597580826374
6.268715674573841  0.692170064122237
6.341303980995878  0.6718833947659207
6.414732820391932  0.6521826587961667
6.489011925675131  0.6330512385616934
6.564151142460422  0.614472977217887
6.640160430369603  0.5964321663826271
6.717049864351456  0.5789135396462962
6.794829636017171  0.5619022635028543
6.873510054991234  0.545383916572971
6.9531015502779585  0.5293444776305992
7.033614671643832  0.5137703148390711
7.1150600910158825  0.4986481752652905
7.19744860389623  0.4839651746652212
7.280791130793016  0.4697087875340147
7.365098718667908  0.45586683741427103
7.4503825424003605  0.44242748745608645
7.536653906268832  0.4293792312226697
7.6239242454491585  0.41671088373546694
7.712205127530268  0.40441157275286305
7.801508254047459  0.3924707302766757
7.891845462033423  0.38087808428077474
7.983228725587226  0.3696236506563145
8.075670157461472  0.358697725368167
8.169182010667825  0.3480908768172964
8.26377668010114  0.3377939384039181
8.359466704182386  0.3277980009907776
8.45626476652061  0.3180943859637545
8.554183697594128  0.3086746287593688
8.65323647645119  0.2995305051372729
8.75343623243034  0.2906540274774107
8.854796246900706  0.2820374380001764
8.957329955022415  0.273673202180624
9.061050947527416  0.2655540023511654
9.165972972520919  0.2576727314873479
9.272109937303691  0.25002248717146774
9.37947591021545  0.2425965657289177
9.48808512249961  0.23538845653231832
9.59795197018962  0.2283918364686263
9.70909101601713  0.2216005645645483
9.82151699134229  0.21500867676572383
9.935244798106357  0.2086103808652752
10.050289510806923  0.2024000515774425
10.16666637849605  0.1963722257521514
10.284390826801493  0.19052159772647476
10.403478459971362  0.18484301480907242
10.52394506294244  0.17933147309001207
10.645806603432467  0.17398212637694738
10.769079234056639  0.1687902884143396
10.89377929446862  0.16375140698225044
11.019923313526348  0.1588610581340281
11.147528011482917  0.15411494270246354
11.27661030220282  0.14950888289684167
11.40718729540388  0.14503881898867244
11.539276298925104  0.14070080608392987
11.67289482102084  0.1364910109796812
11.808060572681457  0.13240570910303048
11.944791469980933  0.12844128153035242
12.083105636451604  0.12459421208483168
12.223021405486417  0.12086108451037501
12.364557322769008  0.11723857972000054
12.507732148731904  0.11372347311685571
12.65256486104321  0.11031263198605566
12.799074657122055  0.10700301295557604
12.947280956683224  0.10379165952447371
13.097203404311195  0.10067569965674968
13.248861872064003  0.0976523433649766
13.402276462107283  0.09471887543912628
13.557467509378768  0.09187265082869504
13.71445558428368  0.08911110076305971
13.873261495421303  0.08643173135016972
14.033906292343145  0.08383212141565412
14.196411268343034  0.08130992040367047
14.36079796327952  0.078862846337746
14.52708816643096  0.0764886838399144
14.69530391938366  0.07418528220649818
14.865467518953471  0.0719505535389326
15.037601520141196  0.06978247092807281
15.211728739122256  0.06767906669046769
15.387872256270905  0.06563843065513075
15.566055419219557  0.06365870849937262
15.746301845953452  0.06173810013230798
15.92863542794123  0.059874858124682274
16.11308033330167  0.05806728618370515
16.299661010007213  0.056313737671613205
16.488402189124436  0.05461261416672112
16.679328888092222  0.052962364067647844
16.87246641403768  0.0513614813631245
17.06784036713071  0.049808504374482164
17.26547664397715  0.04830201426353927
17.46540144105143  0.04684063377081249
17.667641258168846  0.045423026010291676
17.872222901998114  0.044047893298759425
18.079173489614508  0.04271397601867711
18.288520452094275  0.0414200515136846
18.500291538150513  0.04016493301579171
18.71451481781132  0.03894746860335912
18.931218686140355  0.037766540188998506
19.15043186700066  0.036621062536540176
19.37218341686189  0.03550998230624458
19.596502728651814  0.034432277127454676
19.823419535652206  0.033386954697910226
20.052963915440067  0.032373051908965084
20.28516629387431  0.03138963399597281
20.520057449128657  0.030435793713123056
20.757668515771336  0.029510650532034267
20.99803098889184  0.02861334988574958
21.24117672827565  0.02774306391329806
21.487137962627134  0.02689899144350783
21.735947293841512  0.02608035479050487
21.987637701326108  0.025286398851428936
22.24224254637184  0.024516390469505704
22.499795576575117  0.023769617814387047
22.76033093031114  0.02304538977931464
23.023883141258825  0.02234303539467601
23.29048714297829  0.021661903257528498
23.560178273541155  0.0210013609766809
23.832992280214686  0.02036079463292858
24.10896532419994  0.019739608254050293
24.388133985424997  0.019137223304182934
24.6705352673935  0.018553078187199954
24.9562066020895  0.017986627763728665
25.24518585493897  0.01743734288145
25.537511329828877  0.016904709918332966
25.833221774184263  0.016388230338465086
26.132356384104256  0.015887420260147556
26.43495480955735  0.015401809989152545
26.741057159637098  0.014930940466587581
27.05070400787845  0.014474361370412211
27.363936397635733  0.014031635951768782
27.680795847522933  0.01360234109869277
28.001324356916907  0.013186066896101844
28.325564411524415  0.012782416200553181
28.65355898901346  0.012391004229252866
28.985351564710058  0.012011458162818534
29.32098611736069  0.01164341676131662
29.660507134961794  0.011286529993110863
30.00395962065647  0.010940458676077193
30.351389098699713  0.01060487413075531
30.702841620492478  0.010279457845023168
31.05836377068589  0.009963901149895338
31.41800267335583  0.00965790490606104
31.781805998249332  0.009361179200790597
32.14982196710302  0.009073443054853733
32.52209936003498  0.008794424139104442
32.89868752201037  0.008523858500400789
33.279636369382196  0.008261490385158441
33.664996396507505  0.008007077937019332
34.05481868244052  0.00776039578469467
34.44915489770297  0.007521224904872587
34.84805731113308  0.007289351559807074
35.25157879681367  0.007064567216907042
35.659772841080574  0.006846668467062582
36.07269354961225  0.006635456941879982
36.49039565460131  0.0064307392299883135
36.91293452200937  0.006232326792572858
37.340366158905596  0.006040035878283111
37.772747220890516  0.005853687437655101
38.210135019605524  0.0056731070371811515
38.652587530329605  0.005498124773152609
39.100163399663764  0.005328575185394559
39.55292195330474  0.005164297171004555
40.01092320390836  0.005005133898201445
40.47422785904434  0.0048509327203834236
40.94289732924285  0.004701545090489195
41.41699373613454  0.0045568264757496115
41.89657992068461  0.00441663611313686
42.38171945152237  0.004280826189827151
42.87247663336712  0.004149236641841429
43.368916515551774  0.004021712907879189
43.87110490064495  0.0038981073395719145
44.37910835317319  0.0037782788581722055
44.892994208443824  0.0036620926295860188
45.4128305814704  0.0035494197566706006
45.93868637600105  0.0034401369877891837
46.47063129365179  0.0033341264406770784
47.008735843145224  0.0032312753407336774
47.55307134965657  0.0031314757729099356
48.103709964267615  0.003034624446413324
48.660724673530275  0.0029406224715003665
49.22418930914095  0.002849375147672312
49.79417855772672  0.0027607917626319488
50.37076797074514  0.002674785401398972
50.95403397449834  0.002591272765018651
51.54405388026337  0.00251017399833286
52.140905894539614  0.0024314125263153177
52.744669129415115  0.002354915079707435
53.35542361305265  0.0022806237114311027
53.97325030029752  0.0022085013921783387
54.59823108340785  0.0021385115979895685
55.230448802909564  0.0020706164800110005
55.86998725857651  0.002004777037686741
56.51693122053832  0.0019409532831133256
57.171366440516366  0.0018791043966301189
57.833379663190236  0.001819188873751803
58.503058637695474  0.0017611646635787884
59.18049212925485  0.0017049892988474148
59.86576993094382  0.0016506200178050647
60.558982875592804  0.0015980138781151558
61.260222847826704  0.0015471278630145124
61.969582796244325  0.0014979189799599558
62.68715674573841  0.001450344352013348
63.413039809958754  0.0014043613022238818
64.14732820391932  0.0013599274312742161
64.89011925675128  0.001317000688662671
65.64151142460422  0.001275539437697379
66.401604303696  0.0012355023958579786
67.17049864351456  0.0011968407160390876
67.9482963601717  0.0011594942546505557
68.73510054991235  0.0011234048649359104
69.53101550277957  0.001088517521598662
70.33614671643832  0.0010547801395525778
71.15060091015881  0.001022143404248377
71.97448603896231  0.000990560612757911
72.80791130793015  0.0009599875248586815
73.6509871866791  0.00093038222341812
74.50382542400361  0.0009017049834293817
75.36653906268833  0.0008739181490983729
76.23924245449157  0.000846986018426194
77.1220512753027  0.000820874734771899
78.0150825404746  0.0007955521849183527
78.91845462033426  0.0007709879031986397
79.83228725587227  0.0007471529812727431
80.75670157461474  0.0007240199831738335
81.69182010667825  0.0007015628652711021
82.63776680101141  0.0006797569008213583
83.59466704182385  0.0006585786530884564
84.56264766520609  0.0006380088819652089
85.54183697594128  0.0006180338882506291
86.53236476451187  0.0005986405003008343
87.5343623243034  0.0005798155991977391
88.54796246900705  0.0005615461344682469
89.57329955022415  0.0005438191387669595
90.61050947527413  0.0005266217415536674
91.65972972520919  0.0005099411817975662
92.72109937303689  0.0004937648197406063
93.7947591021545  0.00047808014775280156
94.88085122499608  0.00046287480031250274
95.97951970189618  0.00044813656314480295
97.0909101601713  0.0004338533815512275
98.21516991342294  0.00042001336796374547
99.35244798106355  0.00040660480875601547
100.50289510806927  0.00039361617034438097
101.6666637849605  0.0003810361046109167
102.84390826801496  0.0003688534536802505
104.0347845997136  0.0003570572540815051
105.23945062942443  0.0003456367310393712
106.45806603432467  0.0003345806783798144
107.69079234056642  0.0003238771684206317
108.9377929446862  0.00031351459282057397
110.19923313526353  0.00030348174980595303
111.47528011482918  0.00029376782885618687
112.76610302202819  0.0002843623960069192
114.0718729540388  0.0002752553797442308
115.39276298925103  0.0002664370574646916
116.7289482102084  0.0002578980424771199
118.08060572681454  0.00024962927152302663
119.44791469980933  0.00024162199279373743
120.831056364516  0.00023386775442318895
122.23021405486418  0.00022635839343631948
123.64557322769004  0.00021908602513389435
125.07732148731904  0.00021204303289542228
126.52564861043204  0.00020522205838268586
127.99074657122058  0.00019861599212712093
129.47280956683227  0.00019221796448508114
130.972034043112  0.00018602133694568346
132.48861872064003  0.0001800196940482059
134.02276462107287  0.0001742068535682805
135.57467509378768  0.00016857686731805473
137.14455584283684  0.00016312398331924278
138.73261495421303  0.00015784263615553181
140.3390629234315  0.00015272744058537202
141.96411268343033  0.0001477731853873506
143.60797963279524  0.0001429748274291626
145.2708816643096  0.00013832748595159084
146.95303919383664  0.0001338264370592139
148.65467518953471  0.00012946710840993874
150.37601520141197  0.0001252450740957381
152.11728739122248  0.00012115604970730737
153.8787225627091  0.00011719588757563071
155.66055419219558  0.00011336057218373605
157.4630184595345  0.00010964621574218432
159.28635427941222  0.00010604905392209796
161.1308033330168  0.0001025654417397851
162.9966101000721  9.919184958724015e-05
164.8840218912444  9.592485940304084e-05
166.79328888092212  9.27611617154374e-05
168.72466414037692  8.969760147672272e-05
170.6784036713071  8.673119751562231e-05
172.65476643977146  8.385905659268155e-05
174.65401441051424  8.107836342157468e-05
176.67641258168857  7.838637891337552e-05
178.72222901998114  7.578043844603085e-05
180.7917348961451  7.32579501593062e-05
182.88520452094264  7.081639327544623e-05
185.00291538150523  6.845331644575024e-05
187.1451481781132  6.616633612323027e-05
189.31218686140355  6.395313496148169e-05
191.5043186700065  6.181146023987655e-05
193.721834168619  5.973912231514236e-05
195.9650272865181  5.7733993099379625e-05
198.23419535652206  5.579400456452204e-05
200.52963915440066  5.3917147273240985e-05
202.85166293874298  5.21014689362505e-05
205.20057449128666  5.034507299595766e-05
207.57668515771337  4.864611723637835e-05
209.98030988891838  4.700281211305221e-05
212.4117672827564  4.5413398914111224e-05
214.87137962627145  4.3876139038747615e-05
217.3594729384151  4.2389347066798807e-05
219.87637701326108  4.0951392281848865e-05
222.4224254637183  3.956069685153026e-05
224.99795576575127  3.82157340707872e-05
227.6033093031114  3.69150266658216e-05
230.23883141258827  3.565714515652961e-05
232.90487142978276  3.444070627531572e-05
235.60178273541166  3.32643714402564e-05
238.32992280214685  3.21268452806577e-05
241.0896532419994  3.102687421312472e-05
243.88133985424986  2.9963245066336118e-05
246.7053526739351  2.8934783752777818e-05
249.562066020895  2.794035398576261e-05
252.4518585493897  2.6978856040116744e-05
255.37511329828862  2.604922555498384e-05
258.3322177418428  2.5150432377246347e-05
261.3235638410425  2.4281479444126663e-05
264.3495480955735  2.3441401145453197e-05
267.41057159637097  2.2629224942137945e-05
270.5070400787844  2.1843953401135526e-05
273.6393639763574  2.1084625941184674e-05
276.8079584752293  2.0350322936219243e-05
280.01324356916905  1.964016371159872e-05
283.255644115244  1.895330464507825e-05
286.53558989013476  1.8288937366618145e-05
289.8535156471006  1.764628705150085e-05
293.2098611736069  1.702461080155789e-05
296.6050713496178  1.642319610963015e-05
300.03959620656485  1.5841359402679533e-05
303.5138909869971  1.5278444659246786e-05
307.02841620492484  1.4733822097211572e-05
310.5836377068588  1.4206886928052004e-05
314.18002673355846  1.3697058174029351e-05
317.8180599824933  1.3203777544934829e-05
321.4982196710302  1.2726508371236226e-05
325.22099360034963  1.226473459064659e-05
328.9868752201039  1.1817959785314126e-05
332.79636369382195  1.1385706923839723e-05
336.649963965075  1.0967561333000812e-05
340.54818682440504  1.0563189236549303e-05
344.4915489770299  1.0172262853882276e-05
348.48057311133084  9.794453786378162e-06
352.51578796813664  9.429433691388826e-06
356.5977284108057  9.076874911866577e-06
360.7269354961222  8.736451062805873e-06
364.90395654601326  8.407837575749818e-06
369.12934522009374  8.09071220267154e-06
373.403661589056  7.784755480589537e-06
377.727472208905  7.489651158315891e-06
382.1013501960554  7.2050865867663235e-06
386.525875303296  6.930753074283951e-06
391.0016339966377  6.666346208441248e-06
395.52921953304724  6.4115661457938326e-06
400.10923203908385  6.166117871058031e-06
404.7422785904434  5.92971142717953e-06
409.42897329242845  5.702062117748385e-06
414.16993736134526  5.482890683199915e-06
418.96579920684627  5.271923564153355e-06
423.81719451522366  5.068900485569396e-06
428.72476633367114  4.873577785955616e-06
433.68916515551746  4.6857158623541055e-06
438.7110490064497  4.505078283368111e-06
443.7910835317319  4.331432116200438e-06
448.92994208443827  4.164548217535082e-06
454.1283058147038  4.004201490204344e-06
459.3868637600107  3.850171107564606e-06
464.7063129365179  3.7022407074775143e-06
470.08735843145234  3.5601985577574694e-06
475.5307134965657  3.4238376949067232e-06
481.0370996426759  3.2929560379118777e-06
486.60724673530297  3.167356478824043e-06
492.2418930914094  3.046846951790801e-06
497.9417855772671  2.9312404821480708e-06
503.7076797074511  2.8203552171203276e-06
509.5403397449836  2.714014439613876e-06
515.4405388026337  2.6120465665239473e-06
521.4090589453962  2.5142851329109688e-06
527.4466912941509  2.420568291181534e-06
533.5542361305268  2.330707270633483e-06
539.7325030029752  2.244472426992479e-06
545.9823108340786  2.1616462969098963e-06
552.3044880290953  2.0820275397553317e-06
558.6998725857653  2.0054297200865737e-06
565.1693122053832  1.9316801944352403e-06
571.7136644051635  1.8606190921742514e-06
578.333796631902  1.7920983812638397e-06
585.0305863769551  1.7259810105931526e-06
591.8049212925484  1.6621401214582553e-06
598.6576993094382  1.6004583214544985e-06
605.5898287559278  1.5408270147238768e-06
612.6022284782673  1.4831457830926108e-06
619.6958279624431  1.4273218131704475e-06
626.8715674573841  1.373269364966659e-06
634.1303980995875  1.3209092780153803e-06
641.4732820391928  1.2701685113987886e-06
648.9011925675132  1.2209797144169087e-06
656.4151142460422  1.173280824980121e-06
664.0160430369601  1.127015082775279e-06
671.7049864351452  1.0821565947407545e-06
679.4829636017173  1.0387209604253995e-06
687.3510054991235  9.96720691176985e-07
695.3101550277956  9.561614655859784e-07
703.3614671643828  9.170427372902134e-07
711.5060091015885  8.793583273809152e-07
719.744860389623  8.430969976819339e-07
728.0791130793016  8.082430018353627e-07
736.5098718667907  7.747766117435106e-07
745.0382542400364  7.426746174861837e-07
753.6653906268834  7.119107993518794e-07
762.3924245449158  6.82456371090637e-07
771.2205127530266  6.542803939156057e-07
780.1508254047463  6.273501611503718e-07
789.1845462033425  6.016315537417686e-07
798.3228725587226  5.77089367135293e-07
807.5670157461469  5.536876102449317e-07
816.9182010667828  5.313897774441603e-07
826.3776680101141  5.101590946630825e-07
835.9466704182386  4.899585888452808e-07
845.6264766520609  4.7074117181520167e-07
855.4183697594123  4.5244545929032335e-07
865.3236476451191  4.3501301443268153e-07
875.3436232430341  4.1838967398374984e-07
885.4796246900704  4.025252062828417e-07
895.732995502241  3.8737299969458203e-07
906.1050947527417  3.7288977851164045e-07
916.5972972520918  3.590353436999512e-07
927.210993730369  3.4577233612163563e-07
937.9475910215446  3.330660201097895e-07
948.8085122499614  3.2088408548247737e-07
959.7951970189619  3.0919646627355097e-07
970.909101601713  2.9797517462809144e-07
982.1516991342289  2.8719414846241305e-07
993.5244798106361  2.76829111624795e-07
1005.0289510806927  2.668574454152535e-07
1016.6666378496051  2.572580704321335e-07
1028.439082680149  2.480113378116754e-07
1040.3478459971368  2.390989290150757e-07
1052.3945062942441  2.3050379763161946e-07
1064.5806603432468  2.222123709285657e-07
1076.9079234056637  2.1421549245299192e-07
1089.3779294468627  2.0650449532738684e-07
1101.9923313526353  1.9907083063592427e-07
1114.7528011482918  1.919060767035971e-07
1127.6610302202819  1.8500194737036047e-07
1140.7187295403874  1.7835029931212625e-07
1153.9276298925108  1.7194313845986177e-07
1167.2894821020839  1.6577262556724563e-07
1180.8060572681452  1.5983108097637617e-07
1194.4791469980928  1.5411098862993873e-07
1208.3105636451608  1.4860499937703292e-07
1222.3021405486415  1.4330593361853373e-07
1236.4557322769003  1.3820678333648015e-07
1250.7732148731898  1.3330071355050445e-07
1265.2564861043213  1.285810632427871e-07
1279.9074657122057  1.2404134579146666e-07
1294.7280956683226  1.1967524895081666e-07
1309.720340431119  1.1547663441489816e-07
1324.886187206401  1.1143952932527195e-07
1340.2276462107284  1.0755761179007235e-07
1355.7467509378766  1.0382397627613086e-07
1371.4455584283676  1.0023199253444907e-07
1387.3261495421311  9.67753706277541e-08
1403.390629234315  9.344814168905511e-08
1419.6411268343036  9.024463986237016e-08
1436.0797963279517  8.715948534722651e-08
1452.7088166430967  8.418756847409112e-08
1469.5303919383664  8.132403474301457e-08
