0.0014865467518953472  5438.710557619145
0.001871451481781132  6666.560801799761
0.0023560178273541164  8124.597038186881
0.002966050713496178  9827.871091417763
0.00373403661589056  11775.689984121798
0.0047008735843145225  13941.587910374059
0.005918049212925484  16260.341203788365
0.007450382542400364  18616.834416150097
0.009379475910215446  20826.41260379051
0.011808060572681455  22625.581307622717
0.014865467518953472  23673.749977268366
0.01871451481781132  23591.60129370281
0.023560178273541156  22091.304848785385
0.029660507134961794  19225.737098399666
0.0373403661589056  15659.923641718942
0.04700873584314522  12534.091999870434
0.05918049212925485  10519.287353370422
0.0745038254240036  8660.671566704683
0.0937947591021545  5926.223239536539
0.11808060572681454  4263.324623159054
0.14865467518953474  3066.933493702174
0.18714514817811317  2058.656233547566
0.23560178273541155  1316.7887907702623
0.29660507134961794  858.0472484787198
0.3734036615890561  546.6942225066977
0.4700873584314523  340.5263404741464
0.5918049212925482  207.46336478894574
0.7450382542400361  124.64942798610699
0.9379475910215449  73.91863035637778
1.1808060572681456  43.31801518994496
1.4865467518953472  25.116474096884353
1.8714514817811319  14.423291883318
2.356017827354116  8.210937177229578
2.966050713496179  4.638584976906835
3.734036615890561  2.601662362363905
4.7008735843145235  1.4496701901173448
5.918049212925483  0.8031106196716777
7.4503825424003605  0.44252291835689134
9.37947591021545  0.24261255283116515
11.808060572681457  0.13241737268577097
14.865467518953471  0.07195467325295843
18.71451481781132  0.03892696465941384
23.560178273541155  0.02098944827673877
29.660507134961794  0.011289334024330664
37.340366158905596  0.006025902744101581
47.008735843145224  0.003225756472812468
59.18049212925485  0.0017197409610634614
74.50382542400361  0.000905828426547213
93.7947591021545  0.00047731313627212085
118.08060572681454  0.0002495114574624302
148.65467518953471  0.00012931026258960893
187.1451481781132  6.618607179601715e-05
235.60178273541166  3.3302161646359954e-05
296.6050713496178  1.6374811563388506e-05
373.403661589056  7.821636932940813e-06
