0.0014865467518953472  5441.621019453314
0.0015037601520141196  5497.918230097824
0.0015211728739122248  5554.736144943602
0.001538787225627091  5612.078025300552
0.0015566055419219558  5669.947122279665
0.0015746301845953451  5728.346676059077
0.0015928635427941223  5787.279915138354
0.0016113080333301677  5846.7500555806
0.0016299661010007213  5906.760300242876
0.0016488402189124439  5967.313837994409
0.0016679328888092211  6028.413840408889
0.001687246641403769  6090.063365382746
0.0017067840367130712  6152.265322142064
0.0017265476643977145  6215.022584639615
0.001746540144105142  6278.33799876117
0.0017667641258168859  6342.214381252056
0.0017872222901998112  6406.654518629081
0.001807917348961451  6471.661166078321
0.0018288520452094266  6537.237046338286
0.0018500291538150523  6603.384848568833
0.001871451481781132  6670.107227205688
0.0018931218686140353  6737.406800800855
0.001915043186700065  6805.2861508486585
0.00193721834168619  6873.747820597745
0.0019596502728651817  6942.794313848953
0.001982341953565221  7012.428093739231
0.0020052963915440066  7082.651581511592
0.00202851662938743  7153.467155271291
0.0020520057449128666  7224.877148728238
0.0020757668515771336  7296.88384992578
0.002099803098889184  7369.489496681248
0.002124117672827564  7442.696150825688
0.0021487137962627146  7516.505652587701
0.0021735947293841508  7590.919768198175
0.0021987637701326107  7665.9401990722345
0.0022242242546371828  7741.5685802066955
0.0022499795576575127  7817.806478563598
0.002276033093031114  7894.655391439822
0.0023023883141258827  7972.116744823221
0.0023290487142978277  8050.191891735599
0.0023560178273541164  8128.882110562674
0.0023832992280214686  8208.188603371404
0.002410896532419994  8288.112494215135
0.0024388133985424987  8368.654827426642
0.002467053526739351  8449.816565899748
0.00249562066020895  8531.598589359466
0.0025245185854938968  8614.00169262154
0.0025537511329828864  8697.026583841382
0.002583322177418428  8780.673882752853
0.0026132356384104254  8864.944118897645
0.002643495480955735  8949.837725414249
0.0026741057159637097  9035.35486891801
0.0027050704007878443  9121.495388130927
0.0027363936397635743  9208.258993810396
0.002768079584752293  9295.645281228164
0.0028001324356916905  9383.6537280652
0.00283255644115244  9472.283692300443
0.002865355898901348  9561.534410094673
0.002898535156471006  9651.404993669881
0.0029320986117360687  9741.894429185042
0.002966050713496178  9833.001574609125
0.0030003959620656484  9924.725157591913
0.0030351389098699716  10017.06377333388
0.0030702841620492485  10110.015882455402
0.003105836377068587  10203.57980886659
0.0031418002673355844  10297.753737638635
0.0031781805998249333  10392.535712877156
0.003214982196710302  10487.923635598925
0.0032522099360034968  10583.915261612745
0.003289868752201039  10680.50819940535
0.003327963636938219  10777.699901356942
0.0033664996396507506  10875.48740814313
0.00340548186824405  10973.867257594511
0.0034449154897702983  11072.835787005912
0.0034848057311133085  11172.389152702133
0.003525157879681367  11272.52332764396
0.003565977284108057  11373.234099051304
0.0036072693549612225  11474.517066044724
0.003649039565460133  11576.367637307001
0.003691293452200937  11678.781028766365
0.00373403661589056  11781.752261302921
0.0037772747220890497  11885.276158479504
0.003821013501960554  11989.3473442992
0.00386525875303296  12093.960240990766
0.003910016339966377  12199.109066823388
0.003955292195330472  12304.787833953236
0.004001092320390838  12410.990346302586
0.004047422785904434  12517.710197474007
0.004094289732924285  12624.940768700806
0.004141699373613452  12732.675226836045
0.004189657992068463  12840.906512099722
0.0042381719451522375  12949.626946035793
0.004287247663336711  13058.828093879169
0.004336891651555175  13168.501232295377
0.004387110490064496  13278.637381107155
0.0044379108353173186  13389.227301221263
0.004489299420844383  13500.261492620368
0.0045412830581470385  13611.73019242238
0.004593868637600107  13723.62337300985
0.004647063129365179  13835.930740231797
0.0047008735843145225  13948.641731681546
0.004755307134965657  14061.745515051614
0.00481037099642676  14175.230986569784
0.0048660724673530295  14289.08676951838
0.004922418930914094  14403.301212839428
0.004979417855772671  14517.86238982853
0.005037076797074512  14632.758096920037
0.005095403397449836  14747.975852566527
0.005154405388026337  14863.502896214934
0.0052140905894539616  14979.326187382258
0.005274466912941509  15095.432393817015
0.005335542361305267  15211.807473129858
0.005397325030029752  15328.436528578779
0.005459823108340785  15445.304312816535
0.005523044880290953  15562.395263666529
0.005586998725857653  15679.693503725692
0.0056516931220538325  15797.182840107382
0.005717136644051636  15914.846764328036
0.005783337966319021  16032.668452340396
0.00585030586376955  16150.63076471731
0.005918049212925484  16268.716246989123
0.005986576993094382  16386.907130137864
0.006055898287559278  16505.185331251883
0.006126022284782673  16623.532454343793
0.006196958279624432  16741.92979133503
0.0062687156745738415  16860.35832321035
0.006341303980995877  16978.798721345487
0.006414732820391928  17097.231349010493
0.006489011925675132  17215.636263052304
0.006564151142460422  17333.993215759376
0.006640160430369601  17452.281620907906
0.006717049864351452  17570.479192504616
0.0067948296360171734  17688.56148534988
0.006873510054991234  17806.50354993357
0.006953101550277957  17924.28005435074
0.007033614671643828  18041.86528773285
0.007115060091015884  18159.233163973917
0.007197448603896231  18276.35722575647
0.007280791130793015  18393.21064888115
0.007365098718667907  18509.76624690465
0.007450382542400364  18625.996476089655
0.007536653906268834  18741.873440671483
0.007623924245449157  18857.368898444307
0.007712205127530266  18972.454266671233
0.007801508254047463  19087.1006283212
0.007891845462033425  19201.278738636076
0.007983228725587226  19314.959032031235
0.00807567015746147  19428.111629331626
0.008169182010667828  19540.706345346734
0.00826377668010114  19652.71269678634
0.008359466704182385  19764.099872698833
0.008456264766520609  19874.835312672283
0.008554183697594123  19984.884240384916
0.008653236476451191  20094.21141421233
0.00875343623243034  20202.78126314201
0.008854796246900703  20310.557898248786
0.00895732995502241  20417.505124641728
0.009061050947527417  20523.586453886423
0.00916597297252092  20628.765116901315
0.009272109937303688  20733.004077331385
0.009379475910215446  20836.266045397795
0.009488085122499613  20938.5134922238
0.009597951970189618  21039.708664636884
0.00970909101601713  21139.813600444977
0.009821516991342288  21238.79014418579
0.009935244798106362  21336.599963346973
0.010050289510806925  21433.204565053864
0.01016666637849605  21528.565313222807
0.010284390826801491  21622.643446174203
0.010403478459971367  21715.400094702698
0.010523945062942443  21806.796215849306
0.010645806603432466  21896.78941185997
0.010769079234056636  21985.332911839218
0.010893779294468626  22072.37950940611
0.011019923313526352  22157.88186885887
0.011147528011482917  22241.792551754603
0.01127661030220282  22324.064044210827
0.011407187295403874  22404.648784917914
0.011539276298925108  22483.499193852025
0.01167289482102084  22560.567701677093
0.011808060572681455  22635.80677982087
0.011944791469980927  22709.168971213145
0.012083105636451605  22780.606921667742
0.012223021405486418  22850.073411893132
0.012364557322769004  22917.521390112975
0.012507732148731897  22982.90400527623
0.01265256486104321  23046.174640837373
0.012799074657122057  23107.286949082965
0.012947280956683224  23166.194885982997
0.01309720340431119  23222.852746540517
0.01324886187206401  23277.215109349632
0.013402276462107284  23329.23343419586
0.013557467509378768  23378.85501916019
0.013714455584283677  23426.027278197933
0.013873261495421311  23470.69809011665
0.014033906292343148  23512.815845793713
0.014196411268343034  23552.32949601831
0.014360797963279518  23589.18859991472
0.014527088166430968  23623.343373901196
0.014695303919383665  23654.74474113696
0.014865467518953472  23683.344381406907
0.015037601520141197  23709.094781392767
0.015211728739122257  23731.94928527674
0.015387872256270902  23751.862145620908
0.015566055419219557  23768.788574466147
0.01574630184595345  23782.68479458863
0.01592863542794123  23793.508090853797
0.01611308033330167  23801.216861603876
0.01629966101000721  23805.77067001263
0.016488402189124438  23807.130295342617
0.016679328888092218  23805.257716192224
0.016872466414037685  23800.11361232817
0.017067840367130712  23791.65664911389
0.017265476643977148  23779.846699911817
0.01746540144105143  23764.64513012034
0.01766764125816885  23746.01485550512
0.017872222901998115  23723.920400085262
0.01807917348961451  23698.32795347912
0.018288520452094274  23669.205427616478
0.018500291538150512  23636.52251272022
0.01871451481781132  23600.250732459917
0.018931218686140356  23560.363498179355
0.019150431867000658  23516.83616209753
0.01937218341686189  23469.6460693827
0.019596502728651814  23418.772608999392
0.01982341953565221  23364.197263224964
0.020052963915440068  23305.903655736187
0.020285166293874307  23243.87759816153
0.020520057449128656  23178.107134999856
0.020757668515771335  23108.582586801742
0.02099803098889184  23035.296762883398
0.021241176728275652  22958.251416791114
0.021487137962627134  22877.45910236633
0.02173594729384151  22792.935133988518
0.021987637701326106  22704.69702277053
0.02224224254637184  22612.76448161211
0.022499795576575117  22517.159428073155
0.02276033093031114  22417.905985034824
0.023023883141258826  22315.030479118734
0.023290487142978288  22208.56143683779
0.023560178273541156  22098.52957845458
0.023832992280214686  21984.96780952802
0.02410896532419994  21867.911210129714
0.024388133985425  21747.39702171727
0.0246705352673935  21623.46463165351
0.024956206602089505  21496.155555364698
0.02524518585493897  21365.513416134247
0.02553751132982888  21231.58392253221
0.025833221774184265  21094.41484348396
0.026132356384104254  20954.055980985784
0.026434954809557352  20810.559964513246
0.026741057159637094  20664.012866896777
0.027050704007878457  20514.54220002182
0.02736393639763573  20362.27785815916
0.02768079584752293  20207.349236245944
0.028001324356916903  20049.885095023797
0.028325564411524416  19890.013431022984
0.028653558989013464  19727.86135147522
0.02898535156471006  19563.554954222003
0.02932098611736069  19397.219212674307
0.029660507134961794  19228.97786586435
0.030003959620656474  19058.953313619524
0.03035138909869971  18887.266516874464
0.030702841620492482  18714.036903126806
0.03105836377068589  18539.38227703143
0.03141800267335583  18363.41873611478
0.031781805998249334  18186.260591583774
0.03214982196710302  18008.0202941911
0.03252209936003498  17828.808365111472
0.032898687522010375  17648.733331773135
0.03327963636938219  17467.903489316486
0.0336649963965075  17286.479161096144
0.034054818682440514  17104.677924822925
0.03444915489770296  16922.71353812623
0.034848057311133086  16740.79236438223
0.03525157879681367  16559.11335109774
0.035659772841080566  16377.868031986249
0.03607269354961224  16197.240551420191
0.036490395654601306  16017.407709947884
0.036912934522009375  15838.539029568337
0.0373403661589056  15660.796837472211
0.03777274722089052  15484.336366976142
0.03821013501960552  15309.305874403271
0.0386525875303296  15135.846770691087
0.03910016339966377  14964.093766542448
0.039552921953304745  14794.175029972797
0.04001092320390836  14626.212355147336
0.040474227859044344  14460.321341446173
0.04094289732924285  14296.611581741065
0.04141699373613454  14135.187162157104
0.04189657992068461  13976.15098958772
0.042381719451522366  13819.603720064155
0.042872476633367115  13665.640560871234
0.04336891651555177  13514.351419366845
0.04387110490064495  13365.821144883947
0.044379108353173186  13220.129774996618
0.04489299420844382  13077.352785465493
0.0454128305814704  12937.561343240455
0.04593868637600105  12800.822561960736
0.046470631293651796  12667.199759454128
0.04700873584314522  12536.752716797917
0.04755307134965657  12409.537938566293
0.04810370996426762  12285.608034600573
0.048660724673530276  12164.96100146692
0.04922418930914095  12047.514916131151
0.049794178557726713  11933.183779858635
0.05037076797074514  11821.884424513986
0.05095403397449833  11713.536406373412
0.05154405388026337  11608.06190425924
0.05214090589453961  11505.385621803645
0.052744669129415125  11405.434693656342
0.05335542361305265  11308.125268672868
0.053973250300297516  11213.292080818388
0.054598231083407854  11120.742514753805
0.05523044880290956  11030.29002468868
0.05586998725857651  10941.753897983383
0.056516931220538316  10854.958969727268
0.057171366440516354  10769.733951090022
0.057833379663190236  10685.866469774814
0.058503058637695476  10603.095350029453
0.05918049212925485  10521.163972022328
0.05986576993094382  10439.823396946664
0.06055898287559281  10358.832196700478
0.0612602228478267  10277.941879543134
0.061969582796244316  10196.866101436866
0.06268715674573841  10115.318805971101
0.06341303980995876  10033.023588223117
0.06414732820391933  9949.71346777277
0.06489011925675128  9865.112883033942
0.06564151142460421  9778.931104047439
0.066401604303696  9690.887807466206
0.06717049864351456  9600.715648395219
0.06794829636017169  9508.169402626067
0.06873510054991235  9413.044025561041
0.06953101550277957  9315.152999972053
0.07033614671643831  9214.323740631917
0.0711506009101588  9110.40916479419
0.07197448603896231  9003.30844759615
0.07280791130793016  8892.94022775818
0.0736509871866791  8779.237920607811
0.0745038254240036  8662.188572644034
0.07536653906268834  8541.848898655555
0.07623924245449158  8418.289745271704
0.0771220512753027  8291.595027267555
0.0780150825404746  8161.887597792296
0.07891845462033426  8029.311582039377
0.07983228725587227  7894.018380905525
0.08075670157461474  7756.256414910821
0.08169182010667825  7616.415467446278
0.08263776680101141  7474.884807232044
0.08359466704182386  7332.0514722148
0.08456264766520608  7188.337513314712
0.08554183697594128  7044.156802430388
0.08653236476451186  6899.908307870083
0.08753436232430341  6756.039203145991
0.08854796246900704  6613.00443948616
0.08957329955022415  6471.231675331544
0.09061050947527413  6331.212456437803
0.0916597297252092  6193.4797210773
0.0927210993730369  6058.52240915501
0.0937947591021545  5926.782183132441
0.09488085122499607  5798.655696834686
0.0959795197018962  5674.500604250085
0.09709091016017131  5554.6475731844885
0.09821516991342295  5439.406339012327
0.09935244798106356  5329.055554299706
0.10050289510806926  5223.808427845164
0.1016666637849605  5123.799242904535
0.10284390826801496  5029.142578922113
0.10403478459971362  4939.883445417681
0.10523945062942441  4855.9727593174175
0.10645806603432467  4777.35575006813
0.10769079234056642  4703.895244076181
0.10893779294468621  4635.341067482004
0.11019923313526353  4571.448811109557
0.11147528011482917  4511.895872179193
0.11276610302202819  4456.262358311011
0.11407187295403881  4404.141068125095
0.11539276298925102  4355.048145763794
0.11672894821020839  4308.422328972944
0.11808060572681454  4263.719010970004
0.11944791469980932  4220.352780087374
0.12083105636451599  4177.709779216701
0.12223021405486417  4135.1951874166325
0.12364557322769004  4092.1959343949557
0.12507732148731907  4048.0985341320484
0.12652564861043203  4002.3232427503717
0.1279907465712206  3954.365268103916
0.12947280956683224  3903.7711404809374
0.13097203404311197  3850.149853308711
0.13248861872064005  3793.3012031324297
0.13402276462107285  3733.1040249403536
0.13557467509378768  3669.5003669389384
0.13714455584283683  3602.5897869303626
0.13873261495421302  3532.517755926021
0.14033906292343148  3459.5172529133915
0.14196411268343034  3384.008770406312
0.14360797963279523  3306.429549285871
0.1452708816643096  3227.3097149480473
0.14695303919383665  3147.3337022709743
0.14865467518953474  3067.155532170172
0.150376015201412  2987.458986985041
0.15211728739122257  2908.962474113794
0.15387872256270907  2832.320136486117
0.15566055419219557  2758.1504019122976
0.15746301845953456  2687.03086175186
0.15928635427941232  2619.46604389477
0.16113080333301674  2555.813910004448
0.1629966101000721  2496.342496685837
0.16488402189124443  2441.2606066772983
0.1667932888809222  2390.569699944492
0.16872466414037687  2344.202009762865
0.17067840367130713  2302.0299735392437
0.17265476643977148  2263.6654992153813
0.17465401441051426  2228.683848266854
0.17667641258168848  2196.626767235512
0.1787222290199811  2166.8953416950317
0.18079173489614508  2138.897304402995
0.1828852045209427  2112.0082810624895
0.18500291538150512  2085.5228175021903
0.18714514817811317  2058.759321365494
0.18931218686140355  2031.0898215422474
0.19150431867000653  2001.9445242379932
0.1937218341686189  1970.8037881546506
0.19596502728651807  1937.3696860390294
0.1982341953565221  1901.5268972388167
0.20052963915440072  1863.2194981901239
0.20285166293874307  1822.6923173253722
0.20520057449128662  1780.3457517494392
0.20757668515771335  1736.5979577789883
0.20998030988891847  1692.039497819535
0.21241176728275651  1647.288367648792
0.2148713796262714  1602.925737187968
0.2173594729384151  1559.54848870751
0.21987637701326115  1517.7082229141854
0.22242242546371838  1477.8627184631525
0.22499795576575118  1440.3329289722915
0.2276033093031114  1405.3893696969249
0.23023883141258825  1373.1753958059583
0.2329048714297828  1343.648033522165
0.23560178273541155  1316.74640874379
0.23832992280214677  1292.231984167194
0.24108965324199938  1269.6646094302894
0.24388133985424992  1248.6170034259142
0.24670535267393498  1228.5782433833172
0.24956206602089495  1208.976266552273
0.2524518585493897  1189.279896997038
0.2553751132982887  1169.073446116724
0.2583322177418427  1148.0173201818188
0.2613235638410425  1125.8353983966208
0.26434954809557354  1102.4934647349921
0.26741057159637105  1078.0518284145405
0.27050704007878457  1052.628770912996
0.27363936397635735  1026.5560185339536
0.2768079584752293  1000.1966728992255
0.2800132435691691  973.930179873797
0.2832556441152442  948.2274578211253
0.2865355898901347  923.5319891698509
0.2898535156471006  900.1636464859428
0.293209861173607  878.2640330736597
0.29660507134961794  857.9403007234823
0.3000395962065648  839.1523374285969
0.30351389098699716  821.6802051690669
0.3070284162049248  805.305437082558
0.3105836377068588  789.7438582000466
0.31418002673355827  774.6516843266089
0.31781805998249324  759.7096023087507
0.3214982196710302  744.6591780659486
0.3252209936003497  729.2895359762578
0.3289868752201037  713.4300448620396
0.3327963636938219  697.1195286617997
0.336649963965075  680.5019637553075
0.3405481868244051  663.7259549715516
0.3444915489770297  647.0178582062911
0.3484805731113308  630.6208505986556
0.35251578796813665  614.7468173980692
0.3565977284108058  599.5451968939147
0.36072693549612245  585.1360290556796
0.36490395654601315  571.5879077006464
0.3691293452200937  558.7869677766613
0.3734036615890561  546.5792148823609
0.37772747220890524  534.8145306156978
0.3821013501960553  523.3206254520328
0.38652587530329596  511.9306893006559
0.39100163399663773  500.5158346364619
0.39552921953304737  489.04990635455806
0.4001092320390837  477.5318667103004
0.4047422785904434  465.9847684856748
0.4094289732924285  454.52223593238455
0.41416993736134533  443.2706578573545
0.4189657992068461  432.33512855719925
0.42381719451522365  421.7672466957333
0.4287247663336711  411.6003424070335
0.4336891651555176  401.8535553448591
0.43871104900644947  392.47804654403967
0.44379108353173174  383.40310034117255
0.44892994208443826  374.56333279259565
0.4541283058147039  365.89463559615814
0.45938686376001053  357.3359549951652
0.4647063129365178  348.8336338329128
0.4700873584314523  340.38715382664554
0.47553071349656584  332.04626951899115
0.4810370996426762  323.858507693206
0.48660724673530287  315.8642547063277
0.4922418930914094  308.0940707103996
0.49794178557726726  300.57439075003884
0.5037076797074515  293.3216967047372
0.5095403397449835  286.30023135266634
0.5154405388026336  279.4551379700521
0.5214090589453962  272.7364797435026
0.5274466912941511  266.11830707806837
0.5335542361305265  259.6092725518201
0.5397325030029752  253.22018745959488
0.5459823108340787  246.96086280442745
0.5523044880290956  240.84169418947656
0.5586998725857651  234.87295096159986
0.5651693122053831  229.06367313060733
0.5717136644051637  223.41905542929064
0.5783337966319022  217.926279737621
0.5850305863769547  212.5666747687704
0.5918049212925482  207.32308922301044
0.5986576993094382  202.18163451816565
0.605589828755928  197.1433417300914
0.6126022284782671  192.2152807272397
0.619695827962443  187.40370830280142
0.626871567457384  182.7139200065694
0.6341303980995878  178.145341502369
0.6414732820391932  173.69117966853807
0.648901192567513  169.34473412181424
0.6564151142460422  165.099760139429
0.6640160430369603  160.9507041630205
0.6717049864351455  156.89541438460344
0.679482963601717  152.9337287308401
0.6873510054991234  149.0653773862805
0.6953101550277957  145.28995617759625
0.7033614671643831  141.6069252524506
0.7115060091015881  138.01488259986513
0.7197448603896229  134.51120060580325
0.7280791130793016  131.093239235471
0.736509871866791  127.7584613822245
0.7450382542400361  124.50442846326527
0.7536653906268833  121.32879633594085
0.7623924245449158  118.22945249727397
0.7712205127530268  115.20476093775633
0.7801508254047459  112.25318535319694
0.7891845462033423  109.37320956832913
0.7983228725587226  106.56333777637505
0.8075670157461472  103.82209475033646
0.8169182010667825  101.14802602707033
0.8263776680101139  98.53969489723531
0.8359466704182386  95.9956273656562
0.8456264766520611  93.51432578468679
0.8554183697594128  91.09432326859569
0.8653236476451189  88.73418499636576
0.8753436232430339  86.43250756913197
0.8854796246900706  84.1879183790072
0.8957329955022414  81.99907498913485
0.9061050947527415  79.86466452479901
0.9165972972520919  77.78340307543553
0.9272109937303691  75.75403511605907
0.9379475910215449  73.7753330024599
0.9488085122499609  71.84609635938817
0.9597951970189618  69.96515147663557
0.9709091016017131  68.13135076349153
0.9821516991342293  66.34357221364348
0.9935244798106357  64.60071887984464
1.0050289510806922  62.9017183582027
1.016666637849605  61.245522281941014
1.0284390826801495  59.63110582448847
1.0403478459971363  58.057467211753895
1.052394506294244  56.5236272434421
1.0645806603432468  55.02862882327191
1.0769079234056638  53.57153650189298
1.089377929446862  52.15143746009492
1.101992331352635  50.76744297198733
1.114752801148292  49.418684630349645
1.127661030220282  48.104313373689706
1.140718729540388  46.823499101933095
1.1539276298925105  45.575430298363756
1.167289482102084  44.35931365775418
1.1808060572681456  43.17437372062482
1.194479146998093  42.01985251357024
1.2083105636451603  40.895009195590035
1.2223021405486414  39.79911971036086
1.2364557322769005  38.73147644438654
1.2507732148731905  37.691387890961224
1.2652564861043205  36.67817831988251
1.2799074657122056  35.69118745284783
1.2947280956683227  34.729770144470216
1.3097203404311195  33.79329606884748
1.3248861872064004  32.88114940871153
1.3402276462107283  31.992727498400104
1.3557467509378769  31.127439131474667
1.371445558428368  30.284706723681197
1.3873261495421303  29.463966425637178
1.4033906292343146  28.6646678146351
1.4196411268343037  27.886273592882322
1.4360797963279521  27.12825929205523
1.4527088166430961  26.390112984047185
1.4695303919383662  25.67133499779214
1.4865467518953472  24.971437642047377
1.5037601520141202  24.289944934020987
1.5211728739122257  23.62639233373198
1.5387872256270907  22.9803264839916
1.5566055419219558  22.35130495589838
1.5746301845953454  21.738895999739007
1.592863542794123  21.142678301190287
1.6113080333301675  20.56224074271961
1.6299661010007211  19.997182170081384
1.648840218912444  19.447111163810632
1.6679328888092217  18.911645809927933
1.6872466414037686  18.390413090653855
1.706784036713071  17.88304847332541
1.726547664397715  17.389196347830268
1.746540144105143  16.908509878650605
1.7667641258168851  16.440650796798
1.7872222901998112  15.985289196485871
1.807917348961451  15.542103336435037
1.8288520452094272  15.110779445711811
1.8500291538150513  14.691011533998884
1.8714514817811319  14.28250120620203
1.8931218686140356  13.88495748129756
1.9150431867000657  13.498096615327237
1.937218341686189  13.121641928449746
1.9596502728651808  12.755323635959325
1.982341953565221  12.398878683184316
2.005296391544007  12.052050584180137
2.0285166293874304  11.714589264132933
2.052005744912866  11.386250905392163
2.0757668515771335  11.06679779705175
2.0998030988891845  10.755998186047776
2.124117672827565  10.453626001941323
2.148713796262714  10.159460651969676
2.173594729384151  9.87328710138874
2.198763770132611  9.594895758501158
2.2242242546371838  9.324082341309378
2.249979557657512  9.060647747341418
2.2760330930311135  8.804397926575618
2.302388314125883  8.55514375739237
2.3290487142978282  8.312700925482515
2.356017827354116  8.07688980564341
2.383299228021468  7.847535346395751
2.410896532419994  7.624466957355285
2.4388133985424996  7.407518399295341
2.46705352673935  7.196527676837477
2.4956206602089495  6.991336933708963
2.524518585493897  6.791792350507266
2.553751132982887  6.597744044913059
2.5833221774184265  6.409045974294578
2.613235638410425  6.225555840647557
2.643495480955735  6.047134995902904
2.6741057159637105  5.8736482225358415
2.705070400787845  5.704963582293613
2.7363936397635737  5.540952542953668
2.768079584752293  5.381489912507462
2.8001324356916912  5.226453754337476
2.8325564411524415  5.075725304517926
2.865355898901347  4.929188891186183
2.8985351564710053  4.786731855933257
2.9320986117360692  4.648244477162962
2.966050713496179  4.513619895370679
3.0003959620656473  4.382754040293899
3.035138909869971  4.255545559887799
3.0702841620492487  4.131895751080462
3.105836377068589  4.011708492263321
3.1418002673355834  3.894890177473625
3.178180599824933  3.7813496522267593
3.2149821967103023  3.6709981509573564
3.2522099360034975  3.563749236029064
3.2898687522010372  3.45951873827397
3.3279636369382186  3.3582246991207834
3.3664996396507503  3.2597873206223067
3.4054818682440513  3.164128913529405
3.4449154897702963  3.071173832742905
3.484805731113308  2.9808484240207864
3.5251578796813665  2.893080973069277
3.5659772841080577  2.807801655908317
3.6072693549612245  2.724942490479905
3.6490395654601318  2.644437289468524
3.6912934522009375  2.566221614303657
3.734036615890561  2.4902327303151335
3.777274722089052  2.416409563012766
3.8210135019605524  2.3446926554624596
3.86525875303296  2.2750241267316107
3.910016339966377  2.207347631377395
3.955292195330474  2.1416083199520544
4.001092320390836  2.077752800500044
4.047422785904433  2.015729101022471
4.094289732924285  1.955486632884882
4.141699373613454  1.8969761551450215
4.189657992068462  1.8401497415683756
4.238171945152237  1.7849608671385664
4.287247663336712  1.7313644328959323
4.3368916515551765  1.6793165339393565
4.387110490064495  1.628774411043455
4.437910835317318  1.5796964227612944
4.489299420844382  1.5320420181465326
4.541283058147039  1.4857717100829761
4.593868637600105  1.4408470492097285
4.647063129365178  1.397230598430287
4.7008735843145235  1.3548859079941293
4.755307134965658  1.3137774911395015
4.810370996426762  1.2738708002863015
4.866072467353028  1.2351322037681303
4.922418930914095  1.1975289630927466
4.979417855772672  1.1610292107203535
5.037076797074514  1.1256019283492824
5.095403397449835  1.0912169256988549
5.154405388026337  1.0578448197793282
5.214090589453963  1.0254570146390256
5.274466912941512  0.9940256830749374
5.335542361305267  0.963523847831487
5.397325030029752  0.9339254106517243
5.459823108340785  0.9052049667412486
5.523044880290955  0.8773377726764571
5.586998725857651  0.8502997311906805
5.65169312205383  0.8240673762361233
5.717136644051636  0.7986178583194073
5.783337966319022  0.7739289301084086
5.850305863769547  0.7499789323079671
5.918049212925483  0.7267467798019842
5.986576993094382  0.7042119480593199
6.0558982875592795  0.6823544598008248
6.126022284782669  0.6611548719247884
6.19695827962443  0.6405942626879917
6.268715674573841  0.6206542191395115
6.341303980995878  0.6013168248043589
6.414732820391932  0.5825646476139802
6.489011925675131  0.5643807280806087
6.564151142460422  0.5467485677124092
6.640160430369603  0.5296521163917354
6.717049864351456  0.5130756756751579
6.794829636017171  0.49700384739924786
6.873510054991234  0.48142166550966947
6.9531015502779585  0.4663145975411771
7.033614671643832  0.4516685323005523
7.1150600910158825  0.437469767894326
7.19744860389623  0.42370500009172396
7.280791130793016  0.41036131101352835
7.365098718667908  0.3974261581378101
7.4503825424003605  0.3848873636137406
7.536653906268832  0.3727331038749246
7.6239242454491585  0.3609518995439468
7.712205127530268  0.3495326056200395
7.801508254047459  0.3384644019420185
7.891845462033423  0.3277367839188345
7.983228725587226  0.3173395535203188
8.075670157461472  0.3072628105208856
8.169182010667825  0.2974969439891725
8.26377668010114  0.2880326240167843
8.359466704182386  0.27886079506409617
8.45626476652061  0.26997276106309426
8.554183697594128  0.26136022150038574
8.65323647645119  0.25301510911859487
8.75343623243034  0.2449295698859068
8.854796246900706  0.23709595839899833
8.957329955022415  0.22950683333881777
9.061050947527416  0.2221549529808713
9.165972972520919  0.21503327076152637
9.272109937303691  0.2081349309017105
9.37947591021545  0.20145326408924663
9.48808512249961  0.1949817832209419
9.59795197018962  0.18871417920542696
9.70909101601713  0.1826443168276249
9.82151699134229  0.17676623067561523
9.935244798106357  0.17107412113056034
10.050289510806923  0.16556235042024914
10.16666637849605  0.16022543873672618
10.284390826801493  0.1550580604183734
10.403478459971362  0.15005504019673319
10.52394506294244  0.14521134776789707
10.645806603432467  0.1405219774337522
10.769079234056639  0.13598188993935656
10.89377929446862  0.13158620379079075
11.019923313526348  0.12733020787910962
11.147528011482917  0.12320935503505705
11.27661030220282  0.11921925584612512
11.40718729540388  0.11535567272458637
11.539276298925104  0.11161451421564707
11.67289482102084  0.10799182953536858
11.808060572681457  0.10448380332847709
11.944791469980933  0.10108675063663237
12.083105636451604  0.0977971120681534
12.223021405486417  0.09461144916061058
12.364557322769008  0.09152643992807825
12.507732148731904  0.0885388745852151
12.65256486104321  0.08564565144068956
12.799074657122055  0.08284377295280468
12.947280956683224  0.08013034194049636
13.097203404311195  0.07750255794318232
13.248861872064003  0.07495771454732748
13.402276462107283  0.07249325126604644
13.557467509378768  0.07010677595499802
13.71445558428368  0.06779596934757376
13.873261495421303  0.06555857448359668
14.033906292343145  0.06339239532122548
14.196411268343034  0.06129529536764041
14.36079796327952  0.05926519632880951
14.52708816643096  0.057300076778604894
14.69530391938366  0.05539797084750416
14.865467518953471  0.05355696693108126
15.037601520141196  0.051775206418461985
15.211728739122256  0.050050882440888636
15.387872256270905  0.04838223864051545
15.566055419219557  0.04676756795952402
15.746301845953452  0.04520521144962967
15.92863542794123  0.0436935571020214
16.11308033330167  0.04223103869775774
16.299661010007213  0.04081613467861874
16.488402189124436  0.0394473670383947
16.679328888092222  0.03812329962755445
16.87246641403768  0.036842496428438794
17.06784036713071  0.0356035017954167
17.26547664397715  0.03440490752011123
17.46540144105143  0.03324535735676359
17.667641258168846  0.03212354489141672
17.872222901998114  0.031038211505893445
18.079173489614508  0.02998814443206656
18.288520452094275  0.028972174892144566
18.500291538150513  0.027989176320915965
18.71451481781132  0.02703806266609519
18.931218686140355  0.02611778676311181
19.15043186700066  0.025227338780863
19.37218341686189  0.024365744735126683
19.596502728651814  0.023532065066494204
19.823419535652206  0.02272539327983888
20.052963915440067  0.02194485464248228
20.28516629387431  0.021189604938361913
20.520057449128657  0.020458829275633746
20.757668515771336  0.01975174094527031
20.99803098889184  0.019067580295950952
21.24117672827565  0.018405611521604158
21.487137962627134  0.017765120676993054
21.735947293841512  0.01714541835886279
21.987637701326108  0.01654583908066651
22.24224254637184  0.015965740329414974
22.499795576575117  0.015404501663464352
22.76033093031114  0.014861523849357773
23.023883141258825  0.014336228035930971
23.29048714297829  0.013828054963977304
23.560178273541155  0.013336464209853318
23.832992280214686  0.012860933461481976
24.10896532419994  0.012400957825287216
24.388133985424997  0.011956049162662925
24.6705352673935  0.011525735454647
24.9562066020895  0.011109560193534278
25.24518585493897  0.010707081800222687
25.537511329828877  0.010317873066143653
25.833221774184263  0.009941520618682491
26.132356384104256  0.009577624409045407
26.43495480955735  0.00922579728635677
26.741057159637098  0.008885668850383641
27.05070400787845  0.008556886907401117
27.363936397635733  0.008239109728973442
27.680795847522933  0.007932005061394772
28.001324356916907  0.0076352498665581145
28.325564411524415  0.007348530070661489
28.65355898901346  0.007071540320478584
28.985351564710058  0.006803983746930095
29.32098611736069  0.006545571735703045
29.660507134961794  0.006296023704673329
30.00395962065647  0.006055066887896901
30.351389098699713  0.005822436125942896
30.702841620492478  0.005597873662350836
31.05836377068589  0.0053811289460016344
31.41800267335583  0.005171958439200639
31.781805998249332  0.004970125431277311
32.14982196710302  0.004775399857514649
32.52209936003498  0.004587558123227104
32.89868752201037  0.0044063829328135585
33.279636369382196  0.004231663076183341
33.664996396507505  0.0040631901121734905
34.05481868244052  0.003900756873541582
34.44915489770297  0.00374416268929441
34.84805731113308  0.0035932136432610617
35.25157879681367  0.003447722313621507
35.659772841080574  0.003307507524072768
36.07269354961225  0.003172394106084864
36.49039565460131  0.0030422126717249355
36.91293452200937  0.002916799396553257
37.340366158905596  0.0027959958121188872
37.772747220890516  0.0026796486076050363
38.210135019605524  0.0025676094401958804
38.652587530329605  0.0024597347537567717
39.100163399663764  0.002355885605439127
39.55292195330474  0.002255927499839374
40.01092320390836  0.0021597302303590768
40.47422785904434  0.0020671677274292847
40.94289732924285  0.0019781179132782865
41.41699373613454  0.0018924625629365157
41.89657992068461  0.001810087136221964
42.38171945152237  0.0017308783349621489
42.87247663336712  0.0016547230521534787
43.368916515551774  0.001581512239849893
43.87110490064495  0.0015111410827218107
44.37910835317319  0.0014435087906285898
44.892994208443824  0.001378518402716016
45.4128305814704  0.001316076602402948
45.93868637600105  0.0012560935426586088
46.47063129365179  0.0011984826810068634
47.008735843145224  0.0011431606237263874
47.55307134965657  0.0010900469787456944
48.103709964267615  0.001039064216760421
48.660724673530275  0.000990137540126434
49.22418930914095  0.0009431947591069785
49.79417855772672  0.0008981661750749554
50.37076797074514  0.0008549844702928555
50.95403397449834  0.0008135846039129196
51.54405388026337  0.000773903713858699
52.140905894539614  0.0007358810242668237
52.744669129415115  0.0006994577899556767
53.35542361305265  0.0006645793035869161
53.97325030029752  0.0006311955818386281
54.59823108340785  0.0005992576415325641
55.230448802909564  0.0005687171946840816
55.86998725857651  0.0005395266983047052
56.51693122053832  0.0005116393995779494
57.171366440516366  0.0004850093765598889
57.833379663190236  0.00045959157456113806
58.503058637695474  0.00043534183837128283
59.18049212925485  0.0004122169404902323
59.86576993094382  0.00039017460553366094
60.558982875592804  0.00036917353098143356
61.260222847826704  0.0003491734044391477
61.969582796244325  0.00033013491758317654
62.68715674573841  0.0003120197769594645
63.413039809958754  0.00029479071180535166
64.14732820391932  0.00027841147906234757
64.89011925675128  0.0002628468657457695
65.64151142460422  0.00024806268883472956
66.401604303696  0.00023402577212766398
67.17049864351456  0.00022070259016782311
67.9482963601717  0.00020805882181259782
68.73510054991235  0.00019606173694381368
69.53101550277957  0.00018468031541767012
70.33614671643832  0.00017388513824607418
71.15060091015881  0.00016364828657052042
71.97448603896231  0.00015394324786157878
72.80791130793015  0.00014474482882090257
73.6509871866791  0.00013602907450263702
74.50382542400361  0.00012777319320766872
75.36653906268833  0.00011995548673748749
76.23924245449157  0.00011255528562498838
77.1220512753027  0.0001055528889874043
78.0150825404746  9.892950867215048e-05
78.91845462033426  9.266721738973432e-05
79.83228725587227  8.674890054937028e-05
80.75670157461474  8.115821153262213e-05
81.69182010667825  7.58795301585181e-05
82.63776680101141  7.089792411021571e-05
83.59466704182385  6.619911671438338e-05
84.56264766520609  6.176968621836246e-05
85.54183697594128  5.759709689219976e-05
86.53236476451187  5.36692490672241e-05
87.5343623243034  4.997443553729887e-05
88.54796246900705  4.6501338926855264e-05
89.57329955022415  4.323902851019386e-05
90.61050947527413  4.017695650331002e-05
91.65972972520919  3.73049538509033e-05
92.72109937303689  3.461322553246805e-05
93.7947591021545  3.209234541246579e-05
94.88085122499608  2.9733250660526113e-05
95.97951970189618  2.7527235768421394e-05
97.0909101601713  2.546594619121356e-05
98.21516991342294  2.3541371640470318e-05
99.35244798106355  2.1745839057818097e-05
100.50289510806927  2.0072005297302876e-05
101.6666637849605  1.851284954513109e-05
102.84390826801496  1.70616655052936e-05
104.0347845997136  1.5712053379416225e-05
105.23945062942443  1.4457918323480262e-05
106.45806603432467  1.3293884552066643e-05
107.69079234056642  1.2215366611607323e-05
108.9377929446862  1.1217778936492184e-05
110.19923313526353  1.0296516500509139e-05
111.47528011482918  9.44700478110538e-06
112.76610302202819  8.664741792847867e-06
114.0718729540388  7.945332792713225e-06
115.39276298925103  7.28451829697451e-06
116.7289482102084  6.678196065597006e-06
118.08060572681454  6.122437708801397e-06
119.44791469980933  5.613500555175426e-06
120.831056364516  5.1478353945090324e-06
122.23021405486418  4.722090674163304e-06
123.64557322769004  4.333113687699939e-06
125.07732148731904  3.977949250776551e-06
126.52564861043204  3.6538363137290772e-06
127.99074657122058  3.358202914242633e-06
129.47280956683227  3.088659828228609e-06
130.972034043112  2.8429932333601098e-06
132.48861872064003  2.619151917076975e-06
134.02276462107287  2.4149368332105093e-06
135.57467509378768  2.2279282486415888e-06
137.14455584283684  2.0560260948650513e-06
138.73261495421303  1.897447209153851e-06
140.3390629234315  1.7506772885170827e-06
141.96411268343033  1.6144309304964665e-06
143.60797963279524  1.4876181781866315e-06
145.2708816643096  1.3693163017920553e-06
146.95303919383664  1.2587457998818222e-06
148.65467518953471  1.1552498049838294e-06
150.37601520141197  1.058276241450834e-06
152.11728739122248  9.673622171145857e-07
153.8787225627091  8.821202405031433e-07
155.66055419219558  8.022259470889276e-07
157.4630184595345  7.27407094643268e-07
159.28635427941222  6.574336517879666e-07
161.1308033330168  5.921088569812765e-07
162.9966101000721  5.312611686074617e-07
164.8840218912444  4.747370613023428e-07
166.79328888092212  4.223965475015967e-07
168.72466414037692  3.7422335052850536e-07
170.6784036713071  3.3031758412201164e-07
172.65476643977146  2.9066367986999706e-07
174.65401441051424  2.5513854842778586e-07
176.67641258168857  2.2354018580544436e-07
178.72222901998114  1.956128248542569e-07
180.7917348961451  1.710681692155437e-07
182.88520452094264  1.4960263102808682e-07
185.00291538150523  1.3091076839555677e-07
187.1451481781132  1.1469529555162663e-07
189.31218686140355  1.0067413469955554e-07
191.5043186700065  8.858501225194148e-08
193.721834168619  7.81880915156672e-08
195.9650272865181  6.926709437793251e-08
198.23419535652206  6.16293089332687e-08
200.52963915440066  5.510481786412132e-08
202.85166293874298  4.954522053823154e-08
205.20057449128666  4.4822064617837415e-08
207.57668515771337  4.0825153019247125e-08
209.98030988891838  3.7460563887661204e-08
212.4117672827564  3.463074233939573e-08
214.87137962627145  3.222821232961576e-08
217.3594729384151  3.016530645376162e-08
219.87637701326108  2.8371778685788436e-08
222.4224254637183  2.6790626354093976e-08
224.99795576575127  2.5375046062611893e-08
227.6033093031114  2.4086220905809072e-08
230.23883141258827  2.2891725568904652e-08
232.90487142978276  2.1764396152684004e-08
235.60178273541166  2.068155195448947e-08
238.32992280214685  1.9624483075404378e-08
241.0896532419994  1.857813480714659e-08
243.88133985424986  1.7530930305136807e-08
246.7053526739351  1.6474679392283802e-08
249.562066020895  1.540452535346463e-08
252.4518585493897  1.4318884894272226e-08
255.37511329828862  1.3219340447095034e-08
258.3322177418428  1.2110449853941222e-08
261.3235638410425  1.0999446930376178e-08
264.3495480955735  9.895910822153418e-09
267.41057159637097  8.81692049708187e-09
270.5070400787844  7.786252398549217e-09
273.6393639763574  6.821949445488386e-09
276.8079584752293  5.935742423844336e-09
280.01324356916905  5.133885672973677e-09
283.255644115244  4.418145360282963e-09
286.53558989013476  3.786818879915278e-09
289.8535156471006  3.2356970878847515e-09
293.2098611736069  2.758913208404671e-09
296.6050713496178  2.3496498074184597e-09
300.03959620656485  2.000696567160881e-09
303.5138909869971  1.704866453058655e-09
307.02841620492484  1.455286897585099e-09
310.5836377068588  1.2455869637141836e-09
314.18002673355846  1.0700023589278414e-09
317.8180599824933  9.234188312189773e-10
321.4982196710302  8.0137187139306e-10
325.22099360034963  7.000175088386762e-10
328.9868752201039  6.160858253657184e-10
332.79636369382195  5.468158747596576e-10
336.649963965075  4.892780217501115e-10
340.54818682440504  4.402583890471572e-10
344.4915489770299  3.9731379210107073e-10
348.48057311133084  3.58649674325898e-10
352.51578796813664  3.229644861868154e-10
356.5977284108057  2.8934991285931217e-10
360.7269354961222  2.572248551048498e-10
364.90395654601326  2.2628732318632754e-10
369.12934522009374  1.964725886710517e-10
373.403661589056  1.67909352924825e-10
377.727472208905  1.4086909254976985e-10
382.1013501960554  1.157074131552556e-10
386.525875303296  9.280000931806589e-11
391.0016339966377  7.24791269852278e-11
395.52921953304724  5.4978478341084934e-11
400.10923203908385  4.0394667309525345e-11
404.7422785904434  2.8671053017003072e-11
409.42897329242845  1.9605967122163027e-11
414.16993736134526  1.2882336649830987e-11
418.96579920684627  8.111867519842276e-12
423.81719451522366  4.899253664604569e-12
428.72476633367114  2.8566450359103224e-12
433.68916515551746  1.619436705640978e-12
438.7110490064497  8.989118334432489e-13
443.7910835317319  4.920165452943465e-13
448.92994208443827  2.6743354380121515e-13
454.1283058147038  1.4537498579223829e-13
459.3868637600107  7.959122645586911e-14
464.7063129365179  4.419839369161964e-14
470.08735843145234  2.507134447400397e-14
475.5307134965657  1.4629944637955576e-14
481.0370996426759  8.844346190826821e-15
486.60724673530297  5.5784153675072844e-15
492.2418930914094  3.696937420522443e-15
497.9417855772671  2.59252860551693e-15
503.7076797074511  1.9373999929320693e-15
509.5403397449836  1.5537937894097442e-15
515.4405388026337  1.346821035599093e-15
521.4090589453962  1.2706703450970718e-15
527.4466912941509  1.3139836608346916e-15
533.5542361305268  1.4908578260960234e-15
539.7325030029752  1.8399350001418555e-15
545.9823108340786  2.446397011655726e-15
552.3044880290953  3.4709456881900937e-15
558.6998725857653  5.204791550070039e-15
565.1693122053832  8.17018187522502e-15
571.7136644051635  1.3297536380702559e-14
578.333796631902  2.222593027896531e-14
585.0305863769551  3.7786461489300325e-14
591.8049212925484  6.471995932964232e-14
598.6576993094382  1.106124979827568e-13
605.5898287559278  1.868410659479446e-13
612.6022284782673  3.089447806259513e-13
619.6958279624431  4.952996229597408e-13
626.8715674573841  7.625563804956187e-13
634.1303980995875  1.1166857308790185e-12
641.4732820391928  1.540576391267017e-12
648.9011925675132  1.9832021845869235e-12
656.4151142460422  2.3595025286794254e-12
664.0160430369601  2.5699311791921182e-12
671.7049864351452  2.5547247088379173e-12
679.4829636017173  2.335360103211889e-12
687.3510054991235  1.979898860223066e-12
695.3101550277956  1.5700150791529437e-12
703.3614671643828  1.1744338991341052e-12
711.5060091015885  8.35813800562681e-13
719.744860389623  5.70740865767745e-13
728.0791130793016  3.7714568403512434e-13
736.5098718667907  2.4322730226528845e-13
745.0382542400364  1.5439768342553666e-13
753.6653906268834  9.729416183613493e-14
762.3924245449158  6.138222040454657e-14
771.2205127530266  3.9102136499654216e-14
780.1508254047463  2.5366043238790224e-14
789.1845462033425  1.6900189919343945e-14
798.3228725587226  1.1662974482671662e-14
807.5670157461469  8.408106757459881e-15
816.9182010667828  6.386317831662294e-15
826.3776680101141  5.154167487651738e-15
835.9466704182386  4.457401577789517e-15
845.6264766520609  4.143561415313888e-15
855.4183697594123  4.117193970257023e-15
865.3236476451191  4.3448945445770335e-15
875.3436232430341  4.838629296870851e-15
885.4796246900704  5.649961572835381e-15
895.732995502241  6.873271583886315e-15
906.1050947527417  8.65548118031503e-15
916.5972972520918  1.1210977061537835e-14
927.210993730369  1.4840040339450327e-14
937.9475910215446  1.994715228314818e-14
948.8085122499614  2.705177480909497e-14
959.7951970189619  3.677854097992418e-14
970.909101601713  4.9807178095549333e-14
982.1516991342289  6.675793869294698e-14
993.5244798106361  8.799181492858864e-14
1005.0289510806927  1.1332476908260951e-13
1016.6666378496051  1.4169856568566353e-13
1028.439082680149  1.7091451389862734e-13
1040.3478459971368  1.9759690911997717e-13
1052.3945062942441  2.1757306486629232e-13
1064.5806603432468  2.275026451561078e-13
1076.9079234056637  2.2652395112092832e-13
1089.3779294468627  2.1547979626983798e-13
1101.9923313526353  1.9646361398117454e-13
1114.7528011482918  1.722500034791617e-13
1127.6610302202819  1.45698903062406e-13
1140.7187295403874  1.192865974056476e-13
1153.9276298925108  9.483829533012413e-14
1167.2894821020839  7.3460002917097e-14
1180.8060572681452  5.5617523998660935e-14
1194.4791469980928  4.1293744079517534e-14
1208.3105636451608  3.016387748318281e-14
1222.3021405486415  2.1748973470427237e-14
1236.4557322769003  1.5529498884139402e-14
1250.7732148731898  1.1016955546356945e-14
1265.2564861043213  7.79057697420207e-15
1279.9074657122057  5.5093442930747705e-15
1294.7280956683226  3.9090467311715575e-15
1309.720340431119  2.7919064592045587e-15
1324.886187206401  2.0137301105855404e-15
1340.2276462107284  1.4698964676042414e-15
1355.7467509378766  1.08606644586728e-15
1371.4455584283676  8.12331895364337e-16
1387.3261495421311  6.150938229986338e-16
1403.390629234315  4.715234192065166e-16
1419.6411268343036  3.659674865157668e-16
1436.0797963279517  2.875956836219484e-16
1452.7088166430967  2.2884748306508554e-16
1469.5303919383664  1.8439838987642725e-16
