0.0014865467518953472  5441.621019453314
0.001871451481781132  6670.107227205688
0.0023560178273541164  8128.882110562674
0.002966050713496178  9833.001574609125
0.00373403661589056  11781.752261302921
0.0047008735843145225  13948.641731681546
0.005918049212925484  16268.716246989123
0.007450382542400364  18625.996476089655
0.009379475910215446  20836.266045397795
0.011808060572681455  22635.80677982087
0.014865467518953472  23683.344381406907
0.01871451481781132  23600.250732459917
0.023560178273541156  22098.52957845458
0.029660507134961794  19228.97786586435
0.0373403661589056  15660.796837472211
0.04700873584314522  12536.752716797917
0.05918049212925485  10521.163972022328
0.0745038254240036  8662.188572644034
0.0937947591021545  5926.782183132441
0.11808060572681454  4263.719010970004
0.14865467518953474  3067.155532170172
0.18714514817811317  2058.759321365494
0.23560178273541155  1316.74640874379
0.29660507134961794  857.9403007234823
0.3734036615890561  546.5792148823609
0.4700873584314523  340.38715382664554
0.5918049212925482  207.32308922301044
0.7450382542400361  124.50442846326527
0.9379475910215449  73.7753330024599
1.1808060572681456  43.17437372062482
1.4865467518953472  24.971437642047306
1.8714514817811319  14.282501206202157
2.356017827354116  8.07688980564314
2.966050713496179  4.513619895371237
3.734036615890561  2.4902327303139833
4.7008735843145235  1.3548859079964655
5.918049212925483  0.7267467797973076
7.4503825424003605  0.3848873636229842
9.37947591021545  0.20145326407119024
11.808060572681457  0.1044838033634276
14.865467518953471  0.053556966864220984
18.71451481781132  0.02703806279206755
23.560178273541155  0.013336463977960148
29.660507134961794  0.006296024113238336
37.340366158905596  0.0027959951349783544
47.008735843145224  0.001143161656957194
59.18049212925485  0.0004122155500172835
74.50382542400361  0.000127774801731393
93.7947591021545  3.209083768171655e-05
118.08060572681454  6.123511308878442e-06
148.65467518953471  1.1544940840599187e-06
187.1451481781132  1.1497574281156005e-07
235.60178273541166  2.0493910749831436e-08
296.6050713496178  2.4309479475485104e-09
373.403661589056  1.4789145884537693e-10
