0.0014865467518953472  5441.261070397063
0.0015037601520141196  5497.554562264992
0.0015211728739122248  5554.368723535401
0.001538787225627091  5611.706815201036
0.0015566055419219558  5669.572088052415
0.0015746301845953451  5727.967781943971
0.0015928635427941223  5786.897125048208
0.0016113080333301677  5846.363333097862
0.0016299661010007213  5906.369608616243
0.0016488402189124439  5966.9191401353655
0.0016679328888092211  6028.01509889154
0.001687246641403769  6089.660542568054
0.0017067840367130712  6151.858380346544
0.0017265476643977145  6214.611486155234
0.001746540144105142  6277.922705864772
0.0017667641258168859  6341.794856214936
0.0017872222901998112  6406.230723726952
0.001807917348961451  6471.233063601385
0.0018288520452094266  6536.804598601634
0.0018500291538150523  6602.948017923118
0.001871451481781132  6669.665976048013
0.0018931218686140353  6736.961091585915
0.001915043186700065  6804.835946100251
0.00193721834168619  6873.293082920393
0.0019596502728651817  6942.335005939936
0.001982341953565221  7011.964178400766
0.0020052963915440066  7082.18302166342
0.00202851662938743  7152.993913963443
0.0020520057449128666  7224.399189154105
0.0020757668515771336  7296.401135435467
0.002099803098889184  7369.001990787606
0.002124117672827564  7442.203816921442
0.0021487137962627146  7516.008453559831
0.0021735947293841508  7590.4176663887365
0.0021987637701326107  7665.4331562638845
0.0022242242546371828  7741.056557607945
0.0022499795576575127  7817.289436793743
0.002276033093031114  7894.133290513533
0.0023023883141258827  7971.589544134995
0.0023290487142978277  8049.659550043694
0.0023560178273541164  8128.344585972943
0.0023832992280214686  8207.645853320708
0.002410896532419994  8287.564475454443
0.0024388133985424987  8368.10149600395
0.002467053526739351  8449.25787714254
0.00249562066020895  8531.034497857028
0.0025245185854938968  8613.432152206879
0.0025537511329828864  8696.451547572771
0.002583322177418428  8780.093302895279
0.0026132356384104254  8864.3579469038
0.002643495480955735  8949.245911922857
0.0026741057159637097  9034.757364423496
0.0027050704007878443  9120.892143890145
0.0027363936397635743  9207.649961944602
0.002768079584752293  9295.03041476766
0.0028001324356916905  9383.032980994738
0.00283255644115244  9471.657019605636
0.002865355898901348  9560.901767809102
0.002898535156471006  9650.766338923178
0.0029320986117360687  9741.249720251702
0.002966050713496178  9832.350770958254
0.0030003959620656484  9924.068219937928
0.0030351389098699716  10016.40066368774
0.0030702841620492485  10109.346564177
0.003105836377068587  10202.904246717833
0.0031418002673355844  10297.071897837377
0.0031781805998249333  10391.847563151909
0.003214982196710302  10487.229145244497
0.0032522099360034968  10583.214401546646
0.003289868752201039  10679.800942224927
0.003327963636938219  10776.986221369207
0.0033664996396507506  10874.767280322447
0.00340548186824405  10973.140656164524
0.0034449154897702983  11072.102685310028
0.0034848057311133085  11171.64952316655
0.003525157879681367  11271.777141739942
0.003565977284108057  11372.48132725679
0.0036072693549612225  11473.757677805317
0.003649039565460133  11575.601600996277
0.003691293452200937  11678.008311645599
0.00373403661589056  11780.972829480032
0.0037772747220890497  11884.4899768677
0.003821013501960554  11988.554376574722
0.00386525875303296  12093.16044955005
0.003910016339966377  12198.302412739977
0.003955292195330472  12303.974276933732
0.004001092320390838  12410.169844642198
0.004047422785904434  12516.882708011677
0.004094289732924285  12624.106246773721
0.004141699373613452  12731.833626233545
0.004189657992068463  12840.057785047622
0.0042381719451522375  12948.77104434235
0.004287247663336711  13057.964970485413
0.004336891651555175  13167.630841425656
0.004387110490064496  13277.759678319459
0.0044379108353173186  13388.342243458059
0.004489299420844383  13499.369038260264
0.0045412830581470385  13610.830301332202
0.004593868637600107  13722.716006597218
0.004647063129365179  13835.015861498623
0.0047008735843145225  13947.719305277536
0.004755307134965657  14060.815507328789
0.00481037099642676  14174.293365637117
0.0048660724673530295  14288.141505297273
0.004922418930914094  14402.348277119205
0.004979417855772671  14516.901756322724
0.005037076797074512  14631.789741322938
0.005095403397449836  14746.999752610107
0.005154405388026337  14862.519031726079
0.0052140905894539616  14978.334540340386
0.005274466912941509  15094.432948400752
0.005335542361305267  15210.800215340761
0.005397325030029752  15327.421445719476
0.005459823108340785  15444.281393480436
0.005523044880290953  15561.36449776432
0.005586998725857653  15678.654882511853
0.0056516931220538325  15796.136356206582
0.005717136644051636  15913.79241176148
0.005783337966319021  16031.60622655235
0.00585030586376955  16149.560662601394
0.005918049212925484  16267.63826691438
0.005986576993094382  16385.821271975226
0.006055898287559278  16504.091596399954
0.006126022284782673  16622.430845754825
0.006196958279624432  16740.820313540713
0.0062687156745738415  16859.240982347495
0.006341303980995877  16977.673525181355
0.006414732820391928  17096.098306968037
0.006489011925675132  17214.495386235256
0.006564151142460422  17332.844516977122
0.006640160430369601  17451.1251146927
0.006717049864351452  17569.314894859508
0.0067948296360171734  17687.389413405388
0.006873510054991234  17805.323721929984
0.006953101550277957  17923.092489643648
0.007033614671643828  18040.67000679834
0.007115060091015884  18158.03018841371
0.007197448603896231  18275.14657830236
0.007280791130793015  18391.992353399466
0.007365098718667907  18508.540328400293
0.007450382542400364  18624.762960710035
0.007536653906268834  18740.63235570993
0.007623924245449157  18856.120272343207
0.007712205127530266  18971.198129025175
0.007801508254047463  19085.83700987942
0.007891845462033425  19200.007671305033
0.007983228725587226  19313.680548876433
0.00807567015746147  19426.825764579724
0.008169182010667828  19539.413134386872
0.00826377668010114  19651.412176171423
0.008359466704182385  19762.79208016551
0.008456264766520609  19873.520287876185
0.008554183697594123  19983.562025874457
0.008653236476451191  20092.88205552975
0.00875343623243034  20201.444808861608
0.008854796246900703  20309.214400013636
0.00895732995502241  20416.15463719979
0.009061050947527417  20522.229035125136
0.00916597297252092  20627.40082788141
0.009272109937303688  20731.63298231934
0.009379475910215446  20834.888211896814
0.009488085122499613  20937.12899100384
0.009597951970189618  21038.317569762883
0.00970909101601713  21138.415989303925
0.009821516991342288  21237.386097512204
0.009935244798106362  21335.189565246746
0.010050289510806925  21431.787903026707
0.01016666637849605  21527.142478182614
0.010284390826801491  21621.21453246784
0.010403478459971367  21713.965200127335
0.010523945062942443  21805.355441626743
0.010645806603432466  21895.342861077075
0.010769079234056636  21983.88068739029
0.010893779294468626  22070.921713808213
0.011019923313526352  22156.41860420164
0.011147528011482917  22240.32391965113
0.01127661030220282  22322.59014574892
0.011407187295403874  22403.169720612364
0.011539276298925108  22482.015063597984
0.01167289482102084  22559.07860470401
0.011808060572681455  22634.31281464858
0.011944791469980927  22707.670235608268
0.012083105636451605  22779.103512602138
0.012223021405486418  22848.565425503806
0.012364557322769004  22916.00892166316
0.012507732148731897  22981.38714911879
0.01265256486104321  23044.653490379624
0.012799074657122057  23105.76159675381
0.012947280956683224  23164.665423201946
0.01309720340431119  23221.319263688594
0.01324886187206401  23275.677695859762
0.013402276462107284  23327.692183041007
0.013557467509378768  23377.310032725367
0.013714455584283677  23424.478668733864
0.013873261495421311  23469.145979797682
0.014033906292343148  23511.26036676658
0.014196411268343034  23550.770790441526
0.014360797963279518  23587.62681998812
0.014527088166430968  23621.77868188527
0.014695303919383665  23653.17730936138
0.014865467518953472  23681.77439226847
0.015037601520141197  23707.522427342392
0.015211728739122257  23730.374768794514
0.015387872256270902  23750.285679179797
0.015566055419219557  23767.210380483437
0.01574630184595345  23781.105105365295
0.01592863542794123  23791.927148501083
0.01611308033330167  23799.634917957148
0.01629966101000721  23804.187986532812
0.016488402189124438  23805.54714300332
0.016679328888092218  23803.67437520371
0.016872466414037685  23798.530366170216
0.017067840367130712  23790.073776850342
0.017265476643977148  23778.264475554948
0.01746540144105143  23763.06382250284
0.01766764125816885  23744.434728158772
0.017872222901998115  23722.341711125475
0.01807917348961451  23696.750955497126
0.018288520452094274  23667.630367578207
0.018500291538150512  23634.949631872914
0.01871451481781132  23598.68026624656
0.018931218686140356  23558.79567616092
0.019150431867000658  23515.271207883543
0.01937218341686189  23468.084200570454
0.019596502728651814  23417.21403712145
0.01982341953565221  23362.642193706142
0.020052963915440068  23304.352287859092
0.020285166293874307  23242.33012504169
0.020520057449128656  23176.563743569805
0.020757668515771335  23107.043457805252
0.02099803098889184  23033.762071133275
0.021241176728275652  22956.72134097515
0.021487137962627134  22875.9338375634
0.02173594729384151  22791.414892191395
0.021987637701326106  22703.182032530764
0.02224224254637184  22611.254987655982
0.022499795576575117  22515.655690890013
0.02276033093031114  22416.408280436808
0.023023883141258826  22313.539097773737
0.023290487142978288  22207.076683775045
0.023560178273541156  22097.051772544903
0.023832992280214686  21983.497282937667
0.02410896532419994  21866.448307750088
0.024388133985425  21745.942100570664
0.0246705352673935  21622.01806027551
0.024956206602089505  21494.71771316472
0.02524518585493897  21364.08469273482
0.02553751132982888  21230.164717087904
0.025833221774184265  21093.005563981496
0.026132356384104254  20952.65704352599
0.026434954809557352  20809.17179198722
0.026741057159637094  20662.6358657265
0.027050704007878457  20513.17673114761
0.02736393639763573  20360.924235943963
0.02768079584752293  20206.00772940925
0.028001324356916903  20048.55592763696
0.028325564411524416  19888.696783562067
0.028653558989013464  19726.55736192598
0.02898535156471006  19562.26371923323
0.02932098611736069  19395.94078875423
0.029660507134961794  19227.71227061626
0.030003959620656474  19057.700527011442
0.03035138909869971  18886.02648253936
0.030702841620492482  18712.809529688664
0.03105836377068589  18538.167439452853
0.03141800267335583  18362.216277062886
0.031781805998249334  18185.070322809403
0.03214982196710302  18006.84199791843
0.03252209936003498  17827.641795433883
0.032898687522010375  17647.578216052167
0.03327963636938219  17466.75953040228
0.0336649963965075  17285.34606310362
0.034054818682440514  17103.555421220506
0.03444915489770296  16921.60139232824
0.034848057311133086  16739.69036872001
0.03525157879681367  16558.021325763624
0.035659772841080566  16376.785823956981
0.03607269354961224  16196.168033368982
0.036490395654601306  16016.344779151457
0.036912934522009375  15837.485606815746
0.0373403661589056  15659.752865982397
0.03777274722089052  15483.301811329478
0.03821013501960552  15308.280719493012
0.0386525875303296  15134.831020699356
0.03910016339966377  14963.087443945635
0.039552921953304745  14793.178174580398
0.04001092320390836  14625.225023178347
0.040474227859044344  14459.343604645945
0.04094289732924285  14295.64352654213
0.04141699373613454  14134.228889813932
0.04189657992068461  13975.202628924535
0.042381719451522366  13818.66543634556
0.042872476633367115  13664.712554343118
0.04336891651555177  13513.433923636503
0.04387110490064495  13364.914425410903
0.044379108353173186  13219.234127697735
0.04489299420844382  13076.468535438153
0.0454128305814704  12936.688843607166
0.04593868637600105  12799.962192838217
0.046470631293651796  12666.351927048996
0.04700873584314522  12535.917852632165
0.04755307134965657  12408.716498833748
0.04810370996426762  12284.800496758557
0.048660724673530276  12164.167695607266
0.04922418930914095  12046.735774935805
0.049794178557726713  11932.418332439553
0.05037076797074514  11821.13181162012
0.05095403397449833  11712.795394588773
0.05154405388026337  11607.330899245573
0.05214090589453961  11504.662680637775
0.052744669129415125  11404.717536310089
0.05335542361305265  11307.411414587954
0.053973250300297516  11212.579651842745
0.054598231083407854  11120.030525281454
0.05523044880290956  11029.578352934548
0.05586998725857651  10941.043258239668
0.056516931220538316  10854.250886084834
0.057171366440516354  10769.030709483093
0.057833379663190236  10685.170350247621
0.058503058637695476  10602.407740057031
0.05918049212925485  10520.4853415026
0.05986576993094382  10439.153325882698
0.06055898287559281  10358.16940239144
0.0612602228478267  10277.28460177823
0.061969582796244316  10196.213250401726
0.06268715674573841  10114.67016540759
0.06341303980995876  10032.379788279746
0.06414732820391933  9949.0759415574
0.06489011925675128  9864.483096113952
0.06564151142460421  9778.309508982833
0.066401604303696  9690.273798865572
0.06717049864351456  9600.10760117522
0.06794829636017169  9507.56523053544
0.06873510054991235  9412.442796071604
0.06953101550277957  9314.555197478785
0.07033614671643831  9213.731208144263
0.0711506009101588  9109.824513511432
0.07197448603896231  9002.733489461501
0.07280791130793016  8892.375731219072
0.0736509871866791  8778.683662536298
0.0745038254240036  8661.643695865005
0.07536653906268834  8541.312394163693
0.07623924245449158  8417.760499805867
0.0771220512753027  8291.071919516266
0.0780150825404746  8161.3701855535755
0.07891845462033426  8028.800389489166
0.07983228725587227  7893.514830657154
0.08075670157461474  7755.762276069296
0.08169182010667825  7615.93205920493
0.08263776680101141  7474.4129555608915
0.08359466704182386  7331.591523029688
0.08456264766520608  7187.889292848672
0.08554183697594128  7043.719637731476
0.08653236476451186  6899.481160835548
0.08753436232430341  6755.6215320940155
0.08854796246900704  6612.5965954547255
0.08957329955022415  6470.834770468073
0.09061050947527413  6330.827216880644
0.0916597297252092  6193.105599330855
0.0927210993730369  6058.157697660413
0.0937947591021545  5926.425193557639
0.09488085122499607  5798.3060130111135
0.0959795197018962  5674.159026350431
0.09709091016017131  5554.315001779396
0.09821516991342295  5439.082340903621
0.09935244798106356  5328.738382487214
0.10050289510806926  5223.49626766231
0.1016666637849605  5123.491967587764
0.10284390826801496  5028.841750772953
0.10403478459971362  4939.590934150673
0.10523945062942441  4855.68879984678
0.10645806603432467  4777.078913418283
0.10769079234056642  4703.623591211059
0.10893779294468621  4635.073665405339
0.11019923313526353  4571.185769392091
0.11147528011482917  4511.6377123751845
0.11276610302202819  4456.009289787602
0.11407187295403881  4403.892952960414
0.11539276298925102  4354.804325184939
0.11672894821020839  4308.181453902605
0.11808060572681454  4263.479240146369
0.11944791469980932  4220.114756383385
0.12083105636451599  4177.478945201753
0.12223021405486417  4134.98084502088
0.12364557322769004  4092.001934734194
0.12507732148731907  4047.9177664341155
0.12652564861043203  4002.1398176135112
0.1279907465712206  3954.168768392353
0.12947280956683224  3903.5627976818805
0.13097203404311197  3849.9399738297984
0.13248861872064005  3793.09787046698
0.13402276462107285  3732.909640030989
0.13557467509378768  3669.3130007241266
0.13714455584283683  3602.4071888822077
0.13873261495421302  3532.3382291122457
0.14033906292343148  3459.3399488373448
0.14196411268343034  3383.8344059028377
0.14360797963279523  3306.2603718825376
0.1452708816643096  3227.1481915019112
0.14695303919383665  3147.1805276183522
0.14865467518953474  3067.0096349227315
0.150376015201412  2987.3187543686204
0.15211728739122257  2908.827030358229
0.15387872256270907  2832.1893199320984
0.15566055419219557  2758.024301278042
0.15746301845953456  2686.909472717849
0.15928635427941232  2619.349279814132
0.16113080333301674  2555.7017069919657
0.1629966101000721  2496.2348682844136
0.16488402189124443  2441.1575973819326
0.1667932888809222  2390.471132762293
0.16872466414037687  2344.107413172711
0.17067840367130713  2301.9387357645746
0.17265476643977148  2263.577412835829
0.17465401441051426  2228.5992175277734
0.17667641258168848  2196.545909524608
0.1787222290199811  2166.8173670121882
0.18079173489614508  2138.820003707132
0.1828852045209427  2111.930288242099
0.18500291538150512  2085.4472661369305
0.18714514817811317  2058.6937246338166
0.18931218686140355  2031.036766246355
0.19150431867000653  2001.891015741948
0.1937218341686189  1970.722981459309
0.19596502728651807  1937.2462472847392
0.1982341953565221  1901.3764689919017
0.20052963915440072  1863.083439191284
0.20285166293874307  1822.6003406830528
0.20520057449128662  1780.2968963629307
0.20757668515771335  1736.5674877654253
0.20998030988891847  1692.0085217685391
0.21241176728275651  1647.253671229064
0.2148713796262714  1602.8945774136416
0.2173594729384151  1559.52292240214
0.21987637701326115  1517.6820567352274
0.22242242546371838  1477.8269664528752
0.22499795576575118  1440.287986525522
0.2276033093031114  1405.3458982707562
0.23023883141258825  1373.1461000991503
0.2329048714297828  1343.634849953743
0.23560178273541155  1316.7404414109858
0.23832992280214677  1292.2236187468054
0.24108965324199938  1269.6546666855347
0.24388133985424992  1248.616001750988
0.24670535267393498  1228.5943899475112
0.24956206602089495  1209.006153356433
0.2524518585493897  1189.310143484485
0.2553751132982887  1169.093475176509
0.2583322177418427  1148.0261287007847
0.2613235638410425  1125.839916958643
0.26434954809557354  1102.501123259909
0.26741057159637105  1078.0678253912074
0.27050704007878457  1052.6556610419393
0.27363936397635735  1026.5917402416171
0.2768079584752293  1000.2344510486266
0.2800132435691691  973.9622311659988
0.2832556441152442  948.2538204608114
0.2865355898901347  923.5611438076988
0.2898535156471006  900.2056653309007
0.293209861173607  878.3191765515584
0.29660507134961794  857.9988821297361
0.3000395962065648  839.2028039330147
0.30351389098699716  821.7189061746293
0.3070284162049248  805.3364618018542
0.3105836377068588  789.7744186365267
0.31418002673355827  774.6879680983892
0.31781805998249324  759.7564848445828
0.3214982196710302  744.7176899748933
0.3252209936003497  729.3552531237647
0.3289868752201037  713.4942572766615
0.3327963636938219  697.1768282001423
0.336649963965075  680.553905925262
0.3405481868244051  663.7794291928266
0.3444915489770297  647.0774294368155
0.3484805731113308  630.6859676015658
0.35251578796813665  614.8131364635569
0.3565977284108058  599.6094490584674
0.36072693549612245  585.1974290710939
0.36490395654601315  571.6477428333033
0.3691293452200937  558.8476131996119
0.3734036615890561  546.6438173109492
0.37772747220890524  534.8863242048113
0.3821013501960553  523.4004521839913
0.38652587530329596  512.0165711103668
0.39100163399663773  500.60381350591757
0.39552921953304737  489.13654404054756
0.4001092320390837  477.6147731836792
0.4047422785904434  466.0626583212527
0.4094289732924285  454.5953685572823
0.41416993736134533  443.3408222582121
0.4189657992068461  432.4051662710139
0.42381719451522365  421.83942316405796
0.4287247663336711  411.6759504558197
0.4336891651555176  401.9330519494771
0.43871104900644947  392.5614245473051
0.44379108353173174  383.4900444339972
0.44892994208443826  374.65325960970796
0.4541283058147039  365.98686870388093
0.45938686376001053  357.42982311861255
0.4647063129365178  348.92847803076
0.4700873584314523  340.4824821609695
0.47553071349656584  332.1419036360044
0.4810370996426762  323.9545626737704
0.48660724673530287  315.96102399213237
0.4922418930914094  308.1918090684855
0.49794178557726726  300.67329072686493
0.5037076797074515  293.4218929470486
0.5095403397449835  286.4017897727071
0.5154405388026336  279.5580536305163
0.5214090589453962  272.8406795717638
0.5274466912941511  266.22355231845285
0.5335542361305265  259.715005330048
0.5397325030029752  253.32554748838305
0.5459823108340787  247.0647833726904
0.5523044880290956  240.9436662548825
0.5586998725857651  234.97344814160962
0.5651693122053831  229.16406471727575
0.5717136644051637  223.52132769732123
0.5783337966319022  218.03175701624852
0.5850305863769547  212.6755982007165
0.5918049212925482  207.4347155264985
0.5986576993094382  202.29445818521003
0.605589828755928  197.25614065917597
0.6126022284782671  192.32753659377775
0.619695827962443  187.51554394001352
0.626871567457384  182.82602540827136
0.6341303980995878  178.2585229879253
0.6414732820391932  173.80588187386417
0.648901192567513  169.46104573677184
0.6564151142460422  165.21744731049688
0.6640160430369603  161.06926390811458
0.6717049864351455  157.014356936894
0.679482963601717  153.0527411734762
0.6873510054991234  149.18431057123914
0.6953101550277957  145.4088094566255
0.7033614671643831  141.7258312888967
0.7115060091015881  138.1340392401518
0.7197448603896229  134.63077629034157
0.7280791130793016  131.21336717879552
0.736509871866791  127.87924234412394
0.7450382542400361  124.62593336182886
0.7536653906268833  121.45106871234827
0.7623924245449158  118.35251146938622
0.7712205127530268  115.3286051502802
0.7801508254047459  112.37779519406334
0.7891845462033423  109.49854893240241
0.7983228725587226  106.68935572645056
0.8075670157461472  103.94872707959416
0.8169182010667825  101.27519672705375
0.8263776680101139  98.66731812025355
0.8359466704182386  96.12361948708579
0.8456264766520611  93.64261487747636
0.8554183697594128  91.2228484627099
0.8653236476451189  88.8628955350897
0.8753436232430339  86.56136192111414
0.8854796246900706  84.31688340346469
0.8957329955022414  82.12812515174625
0.9061050947527415  79.99378116190614
0.9165972972520919  77.91257370426213
0.9272109937303691  75.8832527505764
0.9379475910215449  73.90459519481101
0.9488085122499609  71.97540448136576
0.9597951970189618  70.09451024971534
0.9709091016017131  68.26076782327118
0.9821516991342293  66.47305770475741
0.9935244798106357  64.73028507980092
1.0050289510806922  63.031379328651475
1.016666637849605  61.37529354594561
1.0284390826801495  59.76100406842966
1.0403478459971363  58.18751001055489
1.052394506294244  56.65383280785674
1.0645806603432468  55.159015768032425
1.0769079234056638  53.70212363115442
1.089377929446862  52.282242692166115
1.101992331352635  50.89848111375289
1.114752801148292  49.549967213775496
1.127661030220282  48.23584884210239
1.140718729540388  46.955292989529525
1.1539276298925105  45.707485403119655
1.167289482102084  44.49163020789626
1.1808060572681456  43.30694953483007
1.194479146998093  42.15268315505505
1.2083105636451603  41.02808812024762
1.2223021405486414  39.93243840910511
1.2364557322769005  38.865024579857405
1.2507732148731905  37.82515342874524
1.2652564861043205  36.81214765439833
1.2799074657122056  35.825345528046626
1.2947280956683227  34.86410056949644
1.3097203404311195  33.927781228803795
1.3248861872064004  33.01577057236913
1.3402276462107283  32.127465537492526
1.3557467509378769  31.262276050475577
1.371445558428368  30.41962575036442
1.3873261495421303  29.59895186408782
1.4033906292343146  28.799704909835405
1.4196411268343037  28.021348406210073
1.4360797963279521  27.26335858706261
1.4527088166430961  26.525224121917244
1.4695303919383662  25.80644584189802
1.4865467518953472  25.106536471066345
1.5037601520141202  24.425020363081632
1.5211728739122257  23.76143324309728
1.5387872256270907  23.11532195480513
1.5566055419219558  22.486244212543195
1.5746301845953454  21.873768358381206
1.592863542794123  21.277473124100855
1.6113080333301675  20.69694739798695
1.6299661010007211  20.131789996348303
1.648840218912444  19.581609439686876
1.6679328888092217  19.046023733806816
1.6872466414037686  18.52466018057647
1.706784036713071  18.017155180475573
1.726547664397715  17.523153984285727
1.746540144105143  17.042310487588775
1.7667641258168851  16.574287033666643
1.7872222901998112  16.118754220483545
1.807917348961451  15.675390711678261
1.8288520452094272  15.243883051495134
1.8500291538150513  14.823925483583256
1.8714514817811319  14.415219773594288
1.8931218686140356  14.017475035510444
1.9150431867000657  13.63040756163461
1.937218341686189  13.253740656176117
1.9596502728651808  12.887204472365928
1.982341953565221  12.530535853036508
2.005296391544007  12.183478174602154
2.0285166293874304  11.845781194376528
2.052005744912866  11.517200901165245
2.0757668515771335  11.197499369071927
2.0998030988891845  10.886444612594444
2.124117672827565  10.583810321090864
2.148713796262714  10.28937565991164
2.173594729384151  10.002925343571851
2.198763770132611  9.724249522734468
2.2242242546371838  9.453143653582911
2.249979557657512  9.189408370133519
2.2760330930311135  8.932849359427392
2.302388314125883  8.683277239542537
2.3290487142978282  8.44050744036804
2.356017827354116  8.20436008708307
2.383299228021468  7.974659886284707
2.410896532419994  7.751236014709329
2.4388133985424996  7.533922010493564
2.46705352673935  7.322555666921631
2.4956206602089495  7.116978928606852
2.524518585493897  6.917037790056286
2.553751132982887  6.7225821965680215
2.5833221774184265  6.533465947411999
2.613235638410425  6.349546601245828
2.643495480955735  6.170685383316379
2.6741057159637105  5.996747068133984
2.705070400787845  5.827599878017933
2.7363936397635737  5.6631154416739165
2.768079584752293  5.50316871395648
2.8001324356916912  5.347637893179459
2.8325564411524415  5.19640434037687
2.865355898901347  5.04935250047145
2.8985351564710053  4.906369825308686
2.9320986117360692  4.7673466985152375
2.966050713496179  4.632176362141261
3.0003959620656473  4.500754845047082
3.035138909869971  4.3729808929954865
3.0702841620492487  4.248755900411583
3.105836377068589  4.127983843773029
3.1418002673355834  4.01057121659412
3.178180599824933  3.8964269659680957
3.2149821967103023  3.7854624306325664
3.2522099360034975  3.6775912805238544
3.2898687522010372  3.5727294577866537
3.3279636369382186  3.470795118692814
3.3664996396507503  3.3717085428902838
3.4054818682440513  3.275392061676112
3.4449154897702963  3.1817700616344893
3.484805731113308  3.090768937365669
3.5251578796813665  3.002317039841385
3.5659772841080577  2.9163446260389674
3.6072693549612245  2.832783809823981
3.6490395654601318  2.75156851405182
3.6912934522009375  2.672634423859334
3.734036615890561  2.5959189411182666
3.777274722089052  2.5213611400228664
3.8210135019605524  2.4489017237846875
3.86525875303296  2.378482982408172
3.910016339966377  2.3100487515212427
3.955292195330474  2.243544372235671
4.001092320390836  2.178916652012587
4.047422785904433  2.1161138265090456
4.094289732924285  2.0550855223821056
4.141699373613454  1.99578272102742
4.189657992068462  1.9381577228914653
4.238171945152237  1.8821640902283867
4.287247663336712  1.8277566024110636
4.3368916515551765  1.774891260870487
4.387110490064495  1.7235252604140359
4.437910835317318  1.673616957631479
4.489299420844382  1.625125840115739
4.541283058147039  1.5780124964779936
4.593868637600105  1.532238587137206
4.647063129365178  1.487766815864627
4.7008735843145235  1.4445609020643282
4.755307134965658  1.4025855537712537
4.810370996426762  1.3618064413487232
4.866072467353028  1.322190171867805
4.922418930914095  1.283704264151351
4.979417855772672  1.2463171244659466
5.037076797074514  1.209998022845411
5.095403397449835  1.1747170700299063
5.154405388026337  1.1404451950050873
5.214090589453963  1.1071541231261135
5.274466912941512  1.0748163545387686
5.335542361305267  1.0434051250591225
5.397325030029752  1.0128943770514964
5.459823108340785  0.9832587701572006
5.523044880290955  0.9544736647281336
5.586998725857651  0.9265151027615602
5.65169312205383  0.8993597893461809
5.717136644051636  0.8729850746059579
5.783337966319022  0.8473689361285132
5.850305863769547  0.8224899618652389
5.918049212925483  0.7983273334906353
5.986576993094382  0.7748608102086822
6.0558982875592795  0.752070712994391
6.126022284782669  0.7299379092589949
6.19695827962443  0.7084437979275258
6.268715674573841  0.6875702949178347
6.341303980995878  0.6672998190103965
6.414732820391932  0.647615278098512
6.489011925675131  0.6285000558088052
6.564151142460422  0.6099379984821736
6.640160430369603  0.5919134021818329
6.717049864351456  0.5744109785838865
6.794829636017171  0.5574158324568392
6.873510054991234  0.5409134860840937
6.9531015502779585  0.524889870983046
7.033614671643832  0.5093313163716753
7.1150600910158825  0.49422453796148746
7.19744860389623  0.4795566270674869
7.280791130793016  0.46531504002611146
7.365098718667908  0.45148758791232957
7.4503825424003605  0.4380624265473632
7.536653906268832  0.42502804678873224
7.6239242454491585  0.41237326509457195
7.712205127530268  0.40008721435439765
7.801508254047459  0.3881593349787249
7.891845462033423  0.37657936624016514
7.983228725587226  0.3653373378588411
8.075670157461472  0.3544235618251594
8.169182010667825  0.343828624453192
8.26377668010114  0.3335433786581054
8.359466704182386  0.3235589364944543
8.45626476652061  0.3138666647671779
8.554183697594128  0.30445817934076536
8.65323647645119  0.2953253334333854
8.75343623243034  0.28646021051382825
8.854796246900706  0.2778551178617515
8.957329955022415  0.26950258030721835
9.061050947527416  0.2613953341445308
9.165972972520919  0.2535263212154946
9.272109937303691  0.24588868315739584
9.37947591021545  0.23847575581109795
9.48808512249961  0.23128106378479468
9.59795197018962  0.22429831516908605
9.70909101601713  0.21752139639916085
9.82151699134229  0.21094436725998691
9.935244798106357  0.2045614560305321
10.050289510806923  0.19836705476314026
10.16666637849605  0.192355714694305
10.284390826801493  0.1865221417831799
10.403478459971362  0.18086119237427686
10.52394506294244  0.1753678685098889
10.645806603432467  0.17003728217177957
10.769079234056639  0.16486463614731428
10.89377929446862  0.1598452727327698
11.019923313526348  0.1549746744074637
11.147528011482917  0.1502484594340024
11.27661030220282  0.14566237760408426
11.40718729540388  0.14121230612478325
11.539276298925104  0.1368942456404186
11.67289482102084  0.1327043163853001
11.808060572681457  0.1286387544628073
11.944791469980933  0.12469390824642954
12.083105636451604  0.12086623489854832
12.223021405486417  0.11715229700290307
12.364557322769008  0.11354875930682237
12.507732148731904  0.1100523855694489
12.65256486104321  0.10666003551231983
12.799074657122055  0.10336866186879762
12.947280956683224  0.10017530752897104
13.097203404311195  0.09707710277676819
13.248861872064003  0.09407126264342396
13.402276462107283  0.09115508615239176
13.557467509378768  0.0883259546851929
13.71445558428368  0.08558132650809118
13.873261495421303  0.082918734169158
14.033906292343145  0.08033578227040643
14.196411268343034  0.07783014530977535
14.36079796327952  0.07539956559065902
14.52708816643096  0.0730418511967583
14.69530391938366  0.07075487403010607
14.865467518953471  0.06853656791019441
15.037601520141196  0.06638492673220227
15.211728739122256  0.06429800268238861
15.387872256270905  0.062273904508789085
15.566055419219557  0.06031079584540864
15.746301845953452  0.058406893588173324
15.92863542794123  0.05656046632095828
16.11308033330167  0.054769832790068126
16.299661010007213  0.05303336042560153
16.488402189124436  0.05134946390818458
16.679328888092222  0.04971660359060016
16.87246641403768  0.04813327146689142
17.06784036713071  0.04659798390393414
17.26547664397715  0.04510930152768369
17.46540144105143  0.04366582975804527
17.667641258168846  0.042266217301367585
17.872222901998114  0.040909154698022324
18.079173489614508  0.03959337292292161
18.288520452094275  0.03831764203691241
18.500291538150513  0.037080769887074795
18.71451481781132  0.03588160085402782
18.931218686140355  0.0347190146444293
19.15043186700066  0.03359192512692486
19.37218341686189  0.03249927920987739
19.596502728651814  0.03144005575927237
19.823419535652206  0.030413264555261936
20.052963915440067  0.02941794528587068
20.28516629387431  0.028453166576448544
20.520057449128657  0.02751802505350994
20.757668515771336  0.0266116444416552
20.99803098889184  0.025733174623814727
21.24117672827565  0.024881786209535465
21.487137962627134  0.024056667598671182
21.735947293841512  0.023257031882063503
21.987637701326108  0.022482116718919663
22.24224254637184  0.02173118348615023
22.499795576575117  0.021003516460283474
22.76033093031114  0.020298422030625686
23.023883141258825  0.019615227942396125
23.29048714297829  0.018953282568617776
23.560178273541155  0.018311954209599843
23.832992280214686  0.017690630418895292
24.10896532419994  0.017088717354666178
24.388133985424997  0.016505639155434005
24.6705352673935  0.015940837339235736
24.9562066020895  0.015393770225247617
25.24518585493897  0.014863912376978579
25.537511329828877  0.014350754066172023
25.833221774184263  0.013853800756592032
26.132356384104256  0.013372572606902897
26.43495480955735  0.012906603907321384
26.741057159637098  0.012455436963065999
27.05070400787845  0.01201861909376215
27.363936397635733  0.011595711719771
27.680795847522933  0.011186290718645367
28.001324356916907  0.010789945864631625
28.325564411524415  0.010406280292457486
28.65355898901346  0.010034909984308999
28.985351564710058  0.009675463278951172
29.32098611736069  0.00932758040199866
29.660507134961794  0.00899091301638869
30.00395962065647  0.008665123792154516
30.351389098699713  0.008349885994639709
30.702841620492478  0.008044883090334113
31.05836377068589  0.007749808369550431
31.41800267335583  0.007464364585197145
31.781805998249332  0.0071882636069370365
32.14982196710302  0.006921226090054312
32.52209936003498  0.006662981158383191
32.89868752201037  0.006413266100681104
33.279636369382196  0.006171826088983268
33.664996396507505  0.0059384145085114625
34.05481868244052  0.005712792955815542
34.44915489770297  0.005494729951680297
34.84805731113308  0.00528400061564811
35.25157879681367  0.005080386451549138
35.659772841080574  0.004883675141653326
36.07269354961225  0.004693660349075719
36.49039565460131  0.00451014152808121
36.91293452200937  0.004332923741949937
37.340366158905596  0.004161817488078729
37.772747220890516  0.003996638530006858
38.210135019605524  0.003837207736067831
38.652587530329605  0.0036833509243807197
39.100163399663764  0.003534898713906461
39.55292195330474  0.0033916863813056503
40.01092320390836  0.0032535537233453313
40.47422785904434  0.003120344924612137
40.94289732924285  0.002991908430299357
41.41699373613454  0.002868096823844791
41.89657992068461  0.0027487666461357874
42.38171945152237  0.00263377409664065
42.87247663336712  0.0025229731992336512
43.368916515551774  0.002416222868004803
43.87110490064495  0.002313387337250499
44.37910835317319  0.0022143358988626796
44.892994208443824  0.002118942654114402
45.4128305814704  0.002027086279075322
45.93868637600105  0.0019386498029353725
46.47063129365179  0.0018535203985561954
47.008735843145224  0.0017715891846088751
47.55307134965657  0.0016927510386921531
48.103709964267615  0.0016169044208591919
48.660724673530275  0.0015439512070118656
49.22418930914095  0.0014737965316508703
49.79417855772672  0.001406348639496906
50.37076797074514  0.0013415187455234692
50.95403397449834  0.001279220902965451
51.54405388026337  0.0012193718788894858
52.140905894539614  0.001161891036932712
52.744669129415115  0.0011067002847660625
53.35542361305265  0.001053727788557839
53.97325030029752  0.0010029093145252294
54.59823108340785  0.0009541814945181026
55.230448802909564  0.0009074812917396131
55.86998725857651  0.0008627461124103863
56.51693122053832  0.0008199139093846974
57.171366440516366  0.0007789232779076177
57.833379663190236  0.0007397135437185807
58.503058637695474  0.0007022248437215185
59.18049212925485  0.0006663981994542887
59.86576993094382  0.0006321755836009482
60.558982875592804  0.0005994999797993153
61.260222847826704  0.0005683154360036222
61.969582796244325  0.0005385671116676038
62.68715674573841  0.0005102013190176092
63.413039809958754  0.0004831655586879056
64.14732820391932  0.00045740854999181
64.89011925675128  0.00043288025610232307
65.64151142460422  0.00040953190441494396
66.401604303696  0.00038731595111912687
67.17049864351456  0.0003661827405100911
67.9482963601717  0.0003460793757272261
68.73510054991235  0.00032695563374273367
69.53101550277957  0.0003087643047990314
70.33614671643832  0.0002914609679286692
71.15060091015881  0.00027500378382814633
71.97448603896231  0.00025935330370917156
72.80791130793015  0.00024447229287613
73.6509871866791  0.0002303255678911583
74.50382542400361  0.00021687984628970073
75.36653906268833  0.00020410360790064448
76.23924245449157  0.0001919669669073352
77.1220512753027  0.00018044155385957654
78.0150825404746  0.00016950040691317782
78.91845462033426  0.00015911787163326436
79.83228725587227  0.00014926950875117503
80.75670157461474  0.000139932009312874
81.69182010667825  0.00013108311670000273
82.63776680101141  0.0001227015550433771
83.59466704182385  0.00011476699393342063
84.56264766520609  0.00010726194919329071
85.54183697594128  0.00010017226675738082
86.53236476451187  9.348352729762836e-05
87.5343623243034  8.718084770949466e-05
88.54796246900705  8.124901912223942e-05
89.57329955022415  7.567263252657099e-05
90.61050947527413  7.043619224797301e-05
91.65972972520919  6.552421760363761e-05
92.72109937303689  6.092133317200825e-05
93.7947591021545  5.661234817761056e-05
94.88085122499608  5.2582325551394964e-05
95.97951970189618  4.881664126959842e-05
97.0909101601713  4.5301034603575666e-05
98.21516991342294  4.202164993055939e-05
99.35244798106355  3.896507076234285e-05
100.50289510806927  3.6118346646740916e-05
101.6666637849605  3.346901358680862e-05
102.84390826801496  3.100510860630308e-05
104.0347845997136  2.871517906805468e-05
105.23945062942443  2.6588281030175578e-05
106.45806603432467  2.461357718463042e-05
107.69079234056642  2.278024223056699e-05
108.9377929446862  2.1078191332343517e-05
110.19923313526353  1.9498088005448654e-05
111.47528011482918  1.8031284501168772e-05
112.76610302202819  1.6669767304771024e-05
114.0718729540388  1.5406107281061687e-05
115.39276298925103  1.4233414046005124e-05
116.7289482102084  1.3145294183369487e-05
118.08060572681454  1.2135812961587626e-05
119.44791469980933  1.1199459238610792e-05
120.831056364516  1.0331113271879411e-05
122.23021405486418  9.526017176966982e-06
123.64557322769004  8.779747802291664e-06
125.07732148731904  8.088191808781587e-06
126.52564861043204  7.447522762792822e-06
127.99074657122058  6.85418006809948e-06
129.47280956683227  6.304849578622119e-06
130.972034043112  5.796445747882939e-06
132.48861872064003  5.326092829448366e-06
134.02276462107287  4.89096043918929e-06
135.57467509378768  4.4882223123278095e-06
137.14455584283684  4.115320155605939e-06
138.73261495421303  3.7699554229017316e-06
140.3390629234315  3.450057936224974e-06
141.96411268343033  3.1537583343141345e-06
143.60797963279524  2.8793638553624803e-06
145.2708816643096  2.625337034170065e-06
146.95303919383664  2.390276956130914e-06
148.65467518953471  2.1729027627364897e-06
150.37601520141197  1.9720391472010553e-06
152.11728739122248  1.786603615656433e-06
153.8787225627091  1.6155953201722827e-06
155.66055419219558  1.4580852955303307e-06
157.4630184595345  1.313207952979211e-06
159.28635427941222  1.1801537017773817e-06
161.1308033330168  1.0581625837658385e-06
162.9966101000721  9.465188180022104e-07
164.8840218912444  8.4454616207667e-07
166.79328888092212  7.516060824610682e-07
168.72466414037692  6.672214851267398e-07
170.6784036713071  5.910737302538979e-07
172.65476643977146  5.227537565581193e-07
174.65401441051424  4.6177296802615696e-07
176.67641258168857  4.075938839482306e-07
178.72222901998114  3.596554044653947e-07
180.7917348961451  3.1739294729934145e-07
182.88520452094264  2.802539052936262e-07
185.00291538150523  2.477089872195828e-07
187.1451481781132  2.1926005256268478e-07
189.31218686140355  1.944450509493676e-07
191.5043186700065  1.7284064318113636e-07
193.721834168619  1.5406302595623562e-07
195.9650272865181  1.37767416241689e-07
198.23419535652206  1.236465814457649e-07
200.52963915440066  1.1142873338747884e-07
202.85166293874298  1.0087504108146697e-07
205.20057449128666  9.177696160796485e-08
207.57668515771337  8.395354077498579e-08
209.98030988891838  7.724835567682732e-08
212.4117672827564  7.149889652433246e-08
214.87137962627145  6.652696604793682e-08
217.3594729384151  6.218507504812803e-08
219.87637701326108  5.835343907635266e-08
222.4224254637183  5.493389353999873e-08
224.99795576575127  5.184533928188724e-08
227.6033093031114  4.902033301267151e-08
230.23883141258827  4.6402542085604744e-08
232.90487142978276  4.394485661781787e-08
235.60178273541166  4.160800332608789e-08
238.32992280214685  3.9359541172453816e-08
241.0896532419994  3.717314359281094e-08
243.88133985424986  3.50280890321682e-08
246.7053526739351  3.290889322765382e-08
249.562066020895  3.080502511117099e-08
252.4518585493897  2.8710654916511355e-08
255.37511329828862  2.6624389349350086e-08
258.3322177418428  2.4548955527825195e-08
261.3235638410425  2.2490803560661493e-08
264.3495480955735  2.0459732133404665e-08
267.41057159637097  1.847603632503153e-08
270.5070400787844  1.6570232891232337e-08
273.6393639763574  1.4766747866588896e-08
276.8079584752293  1.308287073682372e-08
280.01324356916905  1.152945254524224e-08
283.255644115244  1.0111771984847413e-08
286.53558989013476  8.830479714369556e-09
289.8535156471006  7.6825478726613e-09
293.2098611736069  6.6621698879171006e-09
296.6050713496178  5.761573180917661e-09
300.03959620656485  4.971722890854032e-09
303.5138909869971  4.282907552064078e-09
307.02841620492484  3.685207454878516e-09
310.5836377068588  3.1688533301578993e-09
314.18002673355846  2.724487335818662e-09
317.8180599824933  2.3433405493871056e-09
321.4982196710302  2.0173417757312832e-09
325.22099360034963  1.7391719333414865e-09
328.9868752201039  1.5022769962710417e-09
332.79636369382195  1.3008376820332923e-09
336.649963965075  1.1289503073157394e-09
340.54818682440504  9.806459993092737e-10
344.4915489770299  8.513251964817238e-10
348.48057311133084  7.375383025295996e-10
352.51578796813664  6.367069806967933e-10
356.5977284108057  5.469160358584802e-10
360.7269354961222  4.66753723580354e-10
364.90395654601326  3.9518557841052584e-10
369.12934522009374  3.314519816091001e-10
373.403661589056  2.7498339061623226e-10
377.727472208905  2.2532983045554124e-10
382.1013501960554  1.8210311544656154e-10
386.525875303296  1.4493143572629065e-10
391.0016339966377  1.134264709142493e-10
395.52921953304724  8.716315188848864e-11
400.10923203908385  6.567168926270305e-11
404.7422785904434  4.8440685271287386e-11
409.42897329242845  3.492925093146387e-11
414.16993736134526  2.4585284788131048e-11
418.96579920684627  1.686716771987811e-11
423.81719451522366  1.128868848548604e-11
428.72476633367114  7.403569104936629e-12
433.68916515551746  4.7813054832245e-12
438.7110490064497  3.055420256260388e-12
443.7910835317319  1.94144865823511e-12
448.92994208443827  1.232601674855663e-12
454.1283058147038  7.857291680095686e-13
459.3868637600107  5.053446443669095e-13
464.7063129365179  3.295175281427385e-13
470.08735843145234  2.189055780317375e-13
475.5307134965657  1.488791841256215e-13
481.0370996426759  1.0416489218929545e-13
486.60724673530297  7.534082741345393e-14
492.2418930914094  5.660729754290048e-14
497.9417855772671  4.43975361913448e-14
503.7076797074511  3.6525916413098284e-14
509.5403397449836  3.167455824162126e-14
515.4405388026337  2.909367603249396e-14
521.4090589453962  2.844307905255914e-14
527.4466912941509  2.9739183728517763e-14
533.5542361305268  3.326912305649294e-14
539.7325030029752  3.9553101875021015e-14
545.9823108340786  4.9604815346534115e-14
552.3044880290953  6.514010162010887e-14
558.6998725857653  8.890609620084096e-14
565.1693122053832  1.2518444707605926e-13
571.7136644051635  1.8050205251899313e-13
578.333796631902  2.6454774189476483e-13
585.0305863769551  3.911950294029393e-13
591.8049212925484  5.793315250968642e-13
598.6576993094382  8.528698672973653e-13
605.5898287559278  1.2389031702658043e-12
612.6022284782673  1.7626583909078952e-12
619.6958279624431  2.4381046681097856e-12
626.8715674573841  3.2543716955857403e-12
634.1303980995875  4.160924033275367e-12
641.4732820391928  5.0582169720777475e-12
648.9011925675132  5.8031977089495785e-12
656.4151142460422  6.2370142144001864e-12
664.0160430369601  6.23354482616347e-12
671.7049864351452  5.781359451200759e-12
679.4829636017173  5.008293486612016e-12
687.3510054991235  4.082164535183626e-12
695.3101550277956  3.153611560733832e-12
703.3614671643828  2.326049081502642e-12
711.5060091015885  1.650055509313162e-12
719.744860389623  1.1340266532728995e-12
728.0791130793016  7.606222400732723e-13
736.5098718667907  5.015472465899517e-13
745.0382542400364  3.2751242242093463e-13
753.6653906268834  2.1335008621596524e-13
762.3924245449158  1.3966352839829252e-13
771.2205127530266  9.254956056226027e-14
780.1508254047463  6.253784323929561e-14
789.1845462033425  4.3407487419774634e-14
798.3228725587226  3.1175658060943707e-14
807.5670157461469  2.3338442314373735e-14
816.9182010667828  1.8344647958907888e-14
826.3776680101141  1.52512064028343e-14
835.9466704182386  1.3508376577223851e-14
845.6264766520609  1.2778987918204899e-14
855.4183697594123  1.2843901947630644e-14
865.3236476451191  1.363338650419602e-14
875.3436232430341  1.5192028927978486e-14
885.4796246900704  1.7665750751063828e-14
895.732995502241  2.1308443586742466e-14
906.1050947527417  2.6501697496662362e-14
916.5972972520918  3.3782906473234435e-14
927.210993730369  4.387536139479588e-14
937.9475910215446  5.77090336777574e-14
948.8085122499614  7.641266026948049e-14
959.7951970189619  1.0124749369765413e-13
970.909101601713  1.3344420221049482e-13
982.1516991342289  1.7390442253450561e-13
993.5244798106361  2.2274914959744446e-13
1005.0289510806927  2.7875008988040083e-13
1016.6666378496051  3.387712394918927e-13
1028.439082680149  3.974565221726609e-13
1040.3478459971368  4.474693809739743e-13
1052.3945062942441  4.805592693643086e-13
1064.5806603432468  4.910117523736559e-13
1076.9079234056637  4.786312338772282e-13
1089.3779294468627  4.4657650203664504e-13
1101.9923313526353  4.001269884216993e-13
1114.7528011482918  3.454048503637888e-13
1127.6610302202819  2.882100295572118e-13
1140.7187295403874  2.332175788774149e-13
1153.9276298925108  1.8361428768859823e-13
1167.2894821020839  1.4111270663770904e-13
1180.8060572681452  1.0620909168572551e-13
1194.4791469980928  7.854429630983218e-14
1208.3105636451608  5.725935612616296e-14
1222.3021405486415  4.128369667627519e-14
1236.4557322769003  2.95346936909362e-14
1250.7732148731898  2.103437444119208e-14
1265.2564861043213  1.4962061315815407e-14
1279.9074657122057  1.0664473572916097e-14
1294.7280956683226  7.641788965039292e-15
1309.720340431119  5.523059808176439e-15
1324.886187206401  4.039312066601678e-15
1340.2276462107284  2.995411461648653e-15
1355.7467509378766  2.252300037518916e-15
1371.4455584283676  1.7168574135764969e-15
1387.3261495421311  1.3264717043000423e-15
1403.390629234315  1.0385683443361522e-15
1419.6411268343036  8.238782760124729e-16
1436.0797963279517  6.620632053054017e-16
1452.7088166430967  5.388424896861264e-16
1469.5303919383664  4.4408668068176006e-16
