0.0014865467518953472  5441.611371822999
0.001871451481781132  6670.095373515491
0.0023560178273541164  8128.867817299094
0.002966050713496178  9832.984310531983
0.00373403661589056  11781.731402317342
0.0047008735843145225  13948.617846831274
0.005918049212925484  16268.68492716115
0.007450382542400364  18625.96021330292
0.009379475910215446  20836.23081908638
0.011808060572681455  22635.771931330808
0.014865467518953472  23683.29746249782
0.01871451481781132  23600.196232404152
0.023560178273541156  22098.48147158141
0.029660507134961794  19228.954880054094
0.0373403661589056  15660.78946399599
0.04700873584314522  12536.73443384504
0.05918049212925485  10521.131227750793
0.0745038254240036  8662.173983809213
0.0937947591021545  5926.774564501198
0.11808060572681454  4263.7111116750775
0.14865467518953474  3067.1515912445807
0.18714514817811317  2058.756742740828
0.23560178273541155  1316.745981803898
0.29660507134961794  857.9410699740708
0.3734036615890561  546.5799486968302
0.4700873584314523  340.3892596683333
0.5918049212925482  207.3244784406748
0.7450382542400361  124.50719699339705
0.9379475910215449  73.77773168164624
1.1808060572681456  43.17672905809784
1.4865467518953472  24.97376280756762
1.8714514817811319  14.285179815734388
2.356017827354116  8.079780254794079
2.966050713496179  4.516351353595671
3.734036615890561  2.4928814946760554
4.7008735843145235  1.357378799606215
5.918049212925483  0.7291507347600553
7.4503825424003605  0.38695768729617563
9.37947591021545  0.20342140693225352
11.808060572681457  0.10624113442950353
14.865467518953471  0.05507004823411295
18.71451481781132  0.028359686040405722
23.560178273541155  0.014451050209745324
29.660507134961794  0.007191779451329702
37.340366158905596  0.003469471166241152
47.008735843145224  0.001605042563709581
59.18049212925485  0.0006930362885053717
74.50382542400361  0.0002724482979149404
93.7947591021545  9.218426118346023e-05
118.08060572681454  2.736942361715854e-05
148.65467518953471  6.487372113199049e-06
187.1451481781132  1.2487078195538483e-06
235.60178273541166  1.9832809820936636e-07
296.6050713496178  1.7150220977336534e-08
373.403661589056  3.922640554180394e-09
