0.0014865467518953472  5470.314025074456
0.001871451481781132  6705.277944726645
0.0023560178273541164  8171.744357385096
0.002966050713496178  9884.848745690582
0.00373403661589056  11843.873808638358
0.0047008735843145225  14022.187792511755
0.005918049212925484  16354.490149066256
0.007450382542400364  18724.191131172953
0.009379475910215446  20946.102321562114
0.011808060572681455  22755.107961275422
0.014865467518953472  23808.115645612266
0.01871451481781132  23724.50519433334
0.023560178273541156  22214.731023079214
0.029660507134961794  19329.831573195777
0.0373403661589056  15742.50201564948
0.04700873584314522  12601.736396282253
0.05918049212925485  10574.883825994575
0.0745038254240036  8705.27457481866
0.0937947591021545  5954.789881962945
0.11808060572681454  4281.9484581759125
0.14865467518953474  3077.792693313109
0.18714514817811317  2062.948121189098
0.23560178273541155  1316.1242580143594
0.29660507134961794  853.8841773799097
0.3734036615890561  540.1092113082029
0.4700873584314523  332.4890579283717
0.5918049212925482  198.91233516998884
0.7450382542400361  116.42344217210207
0.9379475910215449  66.70689341475187
1.1808060572681456  37.515704825742255
1.4865467518953472  20.800752545390242
1.8714514817811319  11.411871618334647
2.356017827354116  6.211328830269285
2.966050713496179  3.3648153393374325
3.734036615890561  1.8088115882003257
4.7008735843145235  0.9639786268971402
5.918049212925483  0.5113275540869983
7.4503825424003605  0.26959432596163857
9.37947591021545  0.1410490158147054
11.808060572681457  0.07326372233072746
14.865467518953471  0.03775398545188266
18.71451481781132  0.01925815846557182
23.560178273541155  0.00970288419616103
29.660507134961794  0.004797577610627473
37.340366158905596  0.002307090911217487
47.008735843145224  0.0010609524904945746
59.18049212925485  0.0004588141640084432
74.50382542400361  0.00018032669752136846
93.7947591021545  6.239460309315991e-05
118.08060572681454  1.847798971137106e-05
148.65467518953471  4.038735933706363e-06
187.1451481781132  8.988818073065233e-07
235.60178273541166  1.0968711221953762e-07
296.6050713496178  9.632566547230159e-09
373.403661589056  3.131953303928726e-09
