0.0014865467518953472  5441.60795497919
0.0015037601520141196  5497.905033813341
0.0015211728739122248  5554.722815876542
0.001538787225627091  5612.06456243836
0.0015566055419219558  5669.933524567889
0.0015746301845953451  5728.332942399911
0.0015928635427941223  5787.266044388964
0.0016113080333301677  5846.736046551639
0.0016299661010007213  5906.74615169677
0.0016488402189124439  5967.2995486436885
0.0016679328888092211  6028.399408915209
0.001687246641403769  6090.048790382726
0.0017067840367130712  6152.250602282728
0.0017265476643977145  6215.007718581628
0.001746540144105142  6278.3229851797805
0.0017667641258168859  6342.1992188380555
0.0017872222901998112  6406.639206089859
0.001807917348961451  6471.645702138792
0.0018288520452094266  6537.221429741997
0.0018500291538150523  6603.369078078952
0.001871451481781132  6670.091301606184
0.0018931218686140353  6737.390718897511
0.001915043186700065  6805.2699114702655
0.00193721834168619  6873.73142259725
0.0019596502728651817  6942.777756104625
0.001982341953565221  7012.411375155895
0.0020052963915440066  7082.634701021825
0.00202851662938743  7153.450111836703
0.0020520057449128666  7224.859941340745
0.0020757668515771336  7296.866477608943
0.002099803098889184  7369.471958489298
0.002124117672827564  7442.678445758094
0.0021487137962627146  7516.487779473457
0.0021735947293841508  7590.901725681486
0.0021987637701326107  7665.921985605377
0.0022242242546371828  7741.550194042803
0.0022499795576575127  7817.787917749194
0.002276033093031114  7894.636653807207
0.0023023883141258827  7972.097827982871
0.0023290487142978277  8050.172793068173
0.0023560178273541164  8128.862827211152
0.0023832992280214686  8208.169132232793
0.002410896532419994  8288.092831932221
0.0024388133985424987  8368.634970379544
0.002467053526739351  8449.796510197239
0.00249562066020895  8531.57833083035
0.0025245185854938968  8613.981226805608
0.0025537511329828864  8697.005905980404
0.002583322177418428  8780.652987781456
0.0026132356384104254  8864.923001433757
0.002643495480955735  8949.816379758176
0.0026741057159637097  9035.333289369904
0.0027050704007878443  9121.473569420938
0.0027363936397635743  9208.236931146637
0.002768079584752293  9295.622970317641
0.0028001324356916905  9383.63116513494
0.00283255644115244  9472.26087411908
0.002865355898901348  9561.511333994475
0.002898535156471006  9651.381657569069
0.0029320986117360687  9741.87083161063
0.002966050713496178  9832.977714720086
0.0030003959620656484  9924.701035202801
0.0030351389098699716  10017.039388938663
0.0030702841620492485  10109.991237251908
0.003105836377068587  10203.554904781256
0.0031418002673355844  10297.728577351565
0.0031781805998249333  10392.51029984766
0.003214982196710302  10487.897974091404
0.0032522099360034968  10583.889356722906
0.003289868752201039  10680.48205708688
0.003327963636938219  10777.673528436562
0.0033664996396507506  10875.460811883713
0.00340548186824405  10973.840445099951
0.0034449154897702983  11072.808765168975
0.0034848057311133085  11172.361928191496
0.003525157879681367  11272.495906891103
0.003565977284108057  11373.20648823692
0.0036072693549612225  11474.489271084938
0.003649039565460133  11576.339663839399
0.003691293452200937  11678.752882135743
0.00373403661589056  11781.723946546661
0.0037772747220890497  11885.247680312918
0.003821013501960554  11989.318707100478
0.00386525875303296  12093.931448785705
0.003910016339966377  12199.080123269872
0.003955292195330472  12304.758742325588
0.004001092320390838  12410.961109475486
0.004047422785904434  12517.680817906381
0.004094289732924285  12624.91124841934
0.004141699373613452  12732.645567418589
0.004189657992068463  12840.876714642189
0.0042381719451522375  12949.597010503616
0.004287247663336711  13058.798018244399
0.004336891651555175  13168.471012414126
0.004387110490064496  13278.607010649883
0.0044379108353173186  13389.196771602237
0.004489299420844383  13500.230792926419
0.0045412830581470385  13611.699309341115
0.004593868637600107  13723.592290757235
0.004647063129365179  13835.899440479197
0.0047008735843145225  13948.61019348208
0.004755307134965657  14061.713714766112
0.00481037099642676  14175.198897792427
0.0048660724673530295  14289.054363001753
0.004922418930914094  14403.268456419106
0.004979417855772671  14517.829248347653
0.005037076797074512  14632.724532153255
0.005095403397449836  14747.941823144001
0.005154405388026337  14863.468357545915
0.0052140905894539616  14979.291091578734
0.005274466912941509  15095.396689710145
0.005335542361305267  15211.771109815778
0.005397325030029752  15328.399460178221
0.005459823108340785  15445.266498973044
0.005523044880290953  15562.356669739673
0.005586998725857653  15679.654100985594
0.0056516931220538325  15797.142605930305
0.005717136644051636  15914.805682393056
0.005783337966319021  16032.62651282695
0.00585030586376955  16150.587964503686
0.005918049212925484  16268.672589851389
0.005986576993094382  16386.86262694966
0.006055898287559278  16505.1400001841
0.006126022284782673  16623.486321064724
0.006196958279624432  16741.882889210527
0.0062687156745738415  16860.310693504
0.006341303980995877  16978.75041341808
0.006414732820391928  17097.18242051945
0.006489011925675132  17215.586780150326
0.006564151142460422  17333.9432532922
0.006640160430369601  17452.231262464218
0.006717049864351452  17570.428524903426
0.0067948296360171734  17688.510591242633
0.006873510054991234  17806.452507143676
0.006953101550277957  17924.22893569704
0.007033614671643828  18041.81416085224
0.007115060091015884  18159.182091144176
0.007197448603896231  18276.306263718416
0.007280791130793015  18393.15984866108
0.007365098718667907  18509.715653636846
0.007450382542400364  18625.94612883939
0.007536653906268834  18741.82337225845
0.007623924245449157  18857.319135266876
0.007712205127530266  18972.404828531682
0.007801508254047463  19087.051528251992
0.007891845462033425  19201.229982727735
0.007983228725587226  19314.910619261525
0.00807567015746147  19428.063551396808
0.008169182010667828  19540.658586494523
0.00826377668010114  19652.665233651387
0.008359466704182385  19764.052674233855
0.008456264766520609  19874.788343605574
0.008554183697594123  19984.83746585252
0.008653236476451191  20094.16480010261
0.00875343623243034  20202.734776133067
0.008854796246900703  20310.51150584581
0.00895732995502241  20417.45879521468
0.009061050947527417  20523.54015670727
0.00916597297252092  20628.718822181872
0.009272109937303688  20732.957756260726
0.009379475910215446  20836.21967017974
0.009488085122499613  20938.467036114125
0.009597951970189618  21039.662101980568
0.00970909101601713  21139.76690671292
0.009821516991342288  21238.74329601165
0.009935244798106362  21336.552938563218
0.010050289510806925  21433.15734272817
0.01016666637849605  21528.517873692876
0.010284390826801491  21622.595771083204
0.010403478459971367  21715.35216703384
0.010523945062942443  21806.74801996002
0.010645806603432466  21896.74093353863
0.010769079234056636  21985.284138368555
0.010893779294468626  22072.330429597958
0.011019923313526352  22157.832473086044
0.011147528011482917  22241.74283198261
0.01127661030220282  22324.01399402762
0.011407187295403874  22404.598399563285
0.011539276298925108  22483.44847024586
0.01167289482102084  22560.51663844597
0.011808060572681455  22635.75537732414
0.011944791469980927  22709.117231567383
0.012083105636451605  22780.554848769676
0.012223021405486418  22850.02101144148
0.012364557322769004  22917.468669628313
0.012507732148731897  22982.85097411985
0.01265256486104321  23046.121310227863
0.012799074657122057  23107.23333211177
0.012947280956683224  23166.140997627426
0.01309720340431119  23222.79860367551
0.01324886187206401  23277.160730669704
0.013402276462107284  23329.178836838455
0.013557467509378768  23378.800214291594
0.013714455584283677  23425.972270663067
0.013873261495421311  23470.642878385337
0.014033906292343148  23512.760421913816
0.014196411268343034  23552.273845575994
0.014360797963279518  23589.13270200207
0.014527088166430968  23623.2872010917
0.014695303919383665  23654.688259468523
0.014865467518953472  23683.28755037354
0.015037601520141197  23709.037553944323
0.015211728739122257  23731.891607827536
0.015387872256270902  23751.80395806744
0.015566055419219557  23768.729810213354
0.01574630184595345  23782.625380586123
0.01592863542794123  23793.447947641376
0.01611308033330167  23801.1559033664
0.01629966101000721  23805.708804645554
0.016488402189124438  23807.067424526565
0.016679328888092218  23805.19373576651
0.016872466414037685  23800.048423489676
0.017067840367130712  23791.59017287801
0.017265476643977148  23779.77887812483
0.01746540144105143  23764.575925487672
0.01766764125816885  23745.94425159168
0.017872222901998115  23723.848401287087
0.01807917348961451  23698.254584965685
0.018288520452094274  23669.13073524233
0.018500291538150512  23636.446562906523
0.01871451481781132  23600.17361204463
0.018931218686140356  23560.285314235716
0.019150431867000658  23516.757041720684
0.01937218341686189  23469.566159443882
0.019596502728651814  23418.692075867377
0.01982341953565221  23364.11629245522
0.020052963915440068  23305.822451726275
0.020285166293874307  23243.796383774436
0.020520057449128656  23178.0261511532
0.020757668515771335  23108.502092025185
0.02099803098889184  23035.21703226296
0.021241176728275652  22958.172719178292
0.021487137962627134  22877.381671405292
0.02173594729384151  22792.859166427155
0.021987637701326106  22704.622678761236
0.02224224254637184  22612.691885069322
0.022499795576575117  22517.088667088257
0.02276033093031114  22417.83711234773
0.023023883141258826  22314.963512645147
0.023290487142978288  22208.496360252077
0.023560178273541156  22098.4663418274
0.023832992280214686  21984.90633001734
0.02410896532419994  21867.851372724595
0.024388133985425  21747.338680033405
0.0246705352673935  21623.407608779013
0.024956206602089505  21496.09964475457
0.02524518585493897  21365.45838255303
0.02553751132982888  21231.529503041827
0.025833221774184265  21094.36074847632
0.026132356384104254  20954.001895257792
0.026434954809557352  20810.50554916547
0.026741057159637094  20663.957790392364
0.027050704007878457  20514.486176900475
0.02736393639763573  20362.220650691634
0.02768079584752293  20207.290653408218
0.028001324356916903  20049.824991401714
0.028325564411524416  19889.95170565202
0.028653558989013464  19727.797946622
0.02898535156471006  19563.489854111518
0.02932098611736069  19397.15244216878
0.029660507134961794  19228.90948909909
0.030003959620656474  19058.883432599785
0.03035138909869971  18887.195270039294
0.030702841620492482  18713.96446388462
0.03105836377068589  18539.308852271235
0.03141800267335583  18363.344564698822
0.031781805998249334  18186.18594282498
0.03214982196710302  18007.94546632072
0.03252209936003498  17828.733683740043
0.032898687522010375  17648.659148349754
0.03327963636938219  17467.83017847031
0.0336649963965075  17286.40708580694
0.034054818682440514  17104.607398360768
0.03444915489770296  16922.644823573977
0.034848057311133086  16740.725676371363
0.03525157879681367  16559.048857575635
0.035659772841080566  16377.805856002615
0.03607269354961224  16197.1807729236
0.036490395654601306  16017.350367581785
0.036912934522009375  15838.484122457423
0.0373403661589056  15660.744326990929
0.03777274722089052  15484.28617849144
0.03821013501960552  15309.25789898357
0.0386525875303296  15135.800866775602
0.03910016339966377  14964.04976156413
0.039552921953304745  14794.132721929234
0.04001092320390836  14626.171514114936
0.040474227859044344  14460.281711032245
0.04094289732924285  14296.572880470378
0.04141699373613454  14135.149087946464
0.04189657992068461  13976.11326707105
0.042381719451522366  13819.566134488572
0.042872476633367115  13665.602956385483
0.04336891651555177  13514.31369647909
0.04387110490064495  13365.783258011266
0.044379108353173186  13220.091730113845
0.04489299420844382  13077.31463785966
0.0454128305814704  12937.523195376689
0.04593868637600105  12800.784561465127
0.046470631293651796  12667.162097217959
0.04700873584314522  12536.715625208042
0.04755307134965657  12409.50168986487
0.04810370996426762  12285.572938439536
0.048660724673530276  12164.92734928643
0.04922418930914095  12047.48289953767
0.049794178557726713  11933.153487626616
0.05037076797074514  11821.855846524018
0.05095403397449833  11713.509437295852
0.05154405388026337  11608.036346996598
0.05214090589453961  11505.36119070415
0.052744669129415125  11405.411017510958
0.05335542361305265  11308.101923558857
0.053973250300297516  11213.26878240929
0.054598231083407854  11120.719188064619
0.05523044880290956  11030.266797350418
0.05586998725857651  10941.73109372684
0.056516931220538316  10854.937102195101
0.057171366440516354  10769.713708314059
0.057833379663190236  10685.848396380492
0.058503058637695476  10603.079479338181
0.05918049212925485  10521.149819725239
0.05986576993094382  10439.809976914388
0.06055898287559281  10358.818036740804
0.0612602228478267  10277.925386741914
0.061969582796244316  10196.846671017254
0.06268715674573841  10115.297008763951
0.06341303980995876  10033.001133467518
0.06414732820391933  9949.693138217166
0.06489011925675128  9865.097235508656
0.06564151142460421  9778.920702282827
0.066401604303696  9690.881155124958
0.06717049864351456  9600.709264142542
0.06794829636017169  9508.158858488405
0.06873510054991235  9413.02694231637
0.06953101550277957  9315.129539970825
0.07033614671643831  9214.296505336135
0.0711506009101588  9110.382162914979
0.07197448603896231  9003.284358194634
0.07280791130793016  8892.919973108785
0.0736509871866791  8779.22075684234
0.0745038254240036  8662.172783924132
0.07536653906268834  8541.832739736075
0.07623924245449158  8418.271520742523
0.0771220512753027  8291.573237319559
0.0780150825404746  8161.862058916224
0.07891845462033426  8029.283887484762
0.07983228725587227  7893.991762139082
0.08075670157461474  7756.234109507476
0.08169182010667825  7616.398344964386
0.08263776680101141  7474.871322110654
0.08359466704182386  7332.038454918978
0.08456264766520608  7188.322806366344
0.08554183697594128  7044.139834412728
0.08653236476451186  6899.889876617995
0.08753436232430341  6756.020487149477
0.08854796246900704  6612.986500399236
0.08957329955022415  6471.215442922405
0.09061050947527413  6331.198461817366
0.0916597297252092  6193.467895095134
0.0927210993730369  6058.512129733644
0.0937947591021545  5926.772446787027
0.09488085122499607  5798.64529609645
0.0959795197018962  5674.48817891869
0.09709091016017131  5554.632766854458
0.09821516991342295  5439.391321966235
0.09935244798106356  5329.044877295887
0.10050289510806926  5223.805114621436
0.1016666637849605  5123.799211647974
0.10284390826801496  5029.134808476871
0.10403478459971362  4939.857630293538
0.10523945062942441  4855.930194573778
0.10645806603432467  4777.309301352595
0.10769079234056642  4703.860060377003
0.10893779294468621  4635.3223457191325
0.11019923313526353  4571.441639325519
0.11147528011482917  4511.891739710733
0.11276610302202819  4456.256685631086
0.11407187295403881  4404.133356395081
0.11539276298925102  4355.039373092453
0.11672894821020839  4308.412417675647
0.11808060572681454  4263.7068625364145
0.11944791469980932  4220.337999454795
0.12083105636451599  4177.694020985551
0.12223021405486417  4135.181858801846
0.12364557322769004  4092.1872557673187
0.12507732148731907  4048.09378930934
0.12652564861043203  4002.31927543151
0.1279907465712206  3954.3596789180783
0.12947280956683224  3903.763685004486
0.13097203404311197  3850.1419888569867
0.13248861872064005  3793.2941013710943
0.13402276462107285  3733.0979597631426
0.13557467509378768  3669.494904713051
0.13714455584283683  3602.584334246883
0.13873261495421302  3532.511687754185
0.14033906292343148  3459.5100910043843
0.14196411268343034  3384.0005897081724
0.14360797963279523  3306.420990504232
0.1452708816643096  3227.3016935060227
0.14695303919383665  3147.3269762418035
0.14865467518953474  3067.15066138013
0.150376015201412  2987.45600695198
0.15211728739122257  2908.960549850817
0.15387872256270907  2832.3176981330253
0.15566055419219557  2758.1463021141694
0.15746301845953456  2687.025205972709
0.15928635427941232  2619.4599752525796
0.16113080333301674  2555.8084035610295
0.1629966101000721  2496.3377618345826
0.16488402189124443  2441.256259427591
0.1667932888809222  2390.5654776036404
0.16872466414037687  2344.1980114498324
0.17067840367130713  2302.0265111745466
0.17265476643977148  2263.662602482128
0.17465401441051426  2228.6811653334785
0.17667641258168848  2196.62380221321
0.1787222290199811  2166.8920281136257
0.18079173489614508  2138.8940710432084
0.1828852045209427  2112.005765227172
0.18500291538150512  2085.5213949164163
0.18714514817811317  2058.7590721252864
0.18931218686140355  2031.090576454134
0.19150431867000653  2001.9459166611655
0.1937218341686189  1970.8052654519322
0.19596502728651807  1937.3704700020928
0.1982341953565221  1901.5259592497864
0.20052963915440072  1863.2157020163093
0.20285166293874307  1822.6855570214095
0.20520057449128662  1780.3374931744104
0.20757668515771335  1736.5907562372033
0.20998030988891847  1692.0348179238954
0.21241176728275651  1647.2859027303793
0.2148713796262714  1602.9240343616411
0.2173594729384151  1559.5468336855615
0.21987637701326115  1517.7069997670644
0.22242242546371838  1477.8628031253925
0.22499795576575118  1440.3343646328622
0.2276033093031114  1405.391253014305
0.23023883141258825  1373.1765343158559
0.2329048714297828  1343.6479620732669
0.23560178273541155  1316.7454157906209
0.23832992280214677  1292.2307436492956
0.24108965324199938  1269.6637884307463
0.24388133985424992  1248.6172237116614
0.24670535267393498  1228.5797418259058
0.24956206602089495  1208.9786345179316
0.2524518585493897  1189.282180200697
0.2553751132982887  1169.0748657129957
0.2583322177418427  1148.0176547663687
0.2613235638410425  1125.8349240509058
0.26434954809557354  1102.4927301583218
0.26741057159637105  1078.0515551623882
0.27050704007878457  1052.6296640946546
0.27363936397635735  1026.5580764154388
0.2768079584752293  1000.1990785197479
0.2800132435691691  973.9318153907585
0.2832556441152442  948.2281058650076
0.2865355898901347  923.5324339163046
0.2898535156471006  900.165040169641
0.293209861173607  878.2668642704722
0.29660507134961794  857.9443560121247
0.3000395962065648  839.1570573896437
0.30351389098699716  821.6851053229215
0.3070284162049248  805.3101323382084
0.3105836377068588  789.7481591963038
0.31418002673355827  774.6556863494549
0.31781805998249324  759.713631791209
0.3214982196710302  744.6632663998687
0.3252209936003497  729.2930743734662
0.3289868752201037  713.4319520832395
0.3327963636938219  697.1194318091707
0.336649963965075  680.5007552577897
0.3405481868244051  663.7254565744614
0.3444915489770297  647.0191980073073
0.3484805731113308  630.62388280607
0.35251578796813665  614.7504484774847
0.3565977284108058  599.5485772338499
0.36072693549612245  585.1388992292237
0.36490395654601315  571.5904480700372
0.3691293452200937  558.7893335010078
0.3734036615890561  546.5814195831053
0.37772747220890524  534.8165102786863
0.3821013501960553  523.3224523464264
0.38652587530329596  511.93261245109517
0.39100163399663773  500.5181856461129
0.39552921953304737  489.052789437828
0.4001092320390837  477.5351054435819
0.4047422785904434  465.9880147957225
0.4094289732924285  454.52531916217004
0.41416993736134533  443.27365186260215
0.4189657992068461  432.3382721536523
0.42381719451522365  421.77066363083065
0.4287247663336711  411.6039746119669
0.4336891651555176  401.8572072182513
0.43871104900644947  392.481571399374
0.44379108353173174  383.40646446609463
0.44892994208443826  374.56659688464094
0.4541283058147039  365.8978552776843
0.45938686376001053  357.3391271681011
0.4647063129365178  348.83670300747787
0.4700873584314523  340.39006094086653
0.47553071349656584  332.0489974478537
0.4810370996426762  323.86107951818383
0.48660724673530287  315.8667469037468
0.4922418930914094  308.0966468317392
0.49794178557726726  300.57729813261227
0.5037076797074515  293.32523062265193
0.5095403397449835  286.3045324236899
0.5154405388026336  279.4601196045239
0.5214090589453962  272.7418499472663
0.5274466912941511  266.1236956751412
0.5335542361305265  259.61441707878566
0.5397325030029752  253.22494091731465
0.5459823108340787  246.96518054875796
0.5523044880290956  240.84559115068944
0.5586998725857651  234.87647448303616
0.5651693122053831  229.06689929539175
0.5717136644051637  223.42208264224098
0.5783337966319022  217.9292047849481
0.5850305863769547  212.5695842922601
0.5918049212925482  207.32606034821293
0.5986576993094382  202.18473423297016
0.605589828755928  197.14661828290087
0.6126022284782671  192.2187609120721
0.619695827962443  187.40739941208867
0.626871567457384  182.71781164272258
0.6341303980995878  178.149405197362
0.6414732820391932  173.69536825622075
0.648901192567513  169.34898354426318
0.6564151142460422  165.10399129257277
0.6640160430369603  160.95482859059157
0.6717049864351455  156.89938129645418
0.679482963601717  152.93755083094084
0.6873510054991234  149.0691251595946
0.6953101550277957  145.2937519924364
0.7033614671643831  141.61093724393135
0.7115060091015881  138.01927968063802
0.7197448603896229  134.51608796136134
0.7280791130793016  131.09865833308237
0.736509871866791  127.76439598987913
0.7450382542400361  124.51081030931513
0.7536653906268833  121.3355104431295
0.7623924245449158  118.23635681042599
0.7712205127530268  115.21173138087518
0.7801508254047459  112.26012199664059
0.7891845462033423  109.38003465004972
0.7983228725587226  106.56999383205665
0.8075670157461472  103.82854284820519
0.8169182010667825  101.15424410323374
0.8263776680101139  98.54567589897636
0.8359466704182386  96.00137246339776
0.8456264766520611  93.5198389049169
0.8554183697594128  91.09961065828348
0.8653236476451189  88.7392549811064
0.8753436232430339  86.43737032615827
0.8854796246900706  84.19258572437639
0.8957329955022414  82.00356017842196
0.9061050947527415  79.8689820666581
0.9165972972520919  77.78756855741041
0.9272109937303691  75.75806499776246
0.9379475910215449  73.77924405303871
0.9488085122499609  71.84990533809412
0.9597951970189618  69.96887506805872
0.9709091016017131  68.1350055206312
0.9821516991342293  66.34717450585917
0.9935244798106357  64.60428484542376
1.0050289510806922  62.90526386129284
1.016666637849605  61.24906287360356
1.0284390826801495  59.63465670764349
1.0403478459971363  58.061043209792736
1.052394506294244  56.52724277229711
1.0645806603432468  55.032297866739455
1.0769079234056638  53.57527258828497
1.089377929446862  52.15525301041574
1.101992331352635  50.771347812123054
1.114752801148292  49.422685974283965
1.127661030220282  48.10841604904185
1.140718729540388  46.82770576234854
1.1539276298925105  45.579741623360064
1.167289482102084  44.363728540602686
1.1808060572681456  43.178889444826446
1.194479146998093  42.02446491846213
1.2083105636451603  40.899712831598976
1.2223021405486414  39.80390798439938
1.2364557322769005  38.73634175586775
1.2507732148731905  37.696321758890704
1.2652564861043205  36.68317150146519
1.2799074657122056  35.696230054033045
1.2947280956683227  34.73485172283849
1.3097203404311195  33.798405729227945
1.3248861872064004  32.886275893299775
1.3402276462107283  31.99785977755866
1.3557467509378769  31.132567659425707
1.371445558428368  30.289823507525412
1.3873261495421303  29.469064896736647
1.4033906292343146  28.669742707589503
1.4196411268343037  27.891320831737467
1.4360797963279521  27.13327588339756
1.4527088166430961  26.395096916652054
1.4695303919383662  25.676285148506963
1.4865467518953472  24.976353687603837
1.5037601520141202  24.294827268483736
1.5211728739122257  23.631241991302172
1.5387872256270907  22.98514506689693
1.5566055419219558  22.356094567111185
1.5746301845953454  21.743659180275532
1.592863542794123  21.147417971755026
1.6113080333301675  20.566960149467924
1.6299661010007211  20.00188483428409
1.648840218912444  19.45180083521326
1.6679328888092217  18.91632642100848
1.6872466414037686  18.395088535811613
1.706784036713071  17.887722301187416
1.726547664397715  17.393871752007886
1.746540144105143  16.91318971732119
1.7667641258168851  16.445337611471846
1.7872222901998112  15.989985229986319
1.807917348961451  15.546810550119423
1.8288520452094272  15.115499535959534
1.8500291538150513  14.695745947992451
1.8714514817811319  14.287251157026105
1.8931218686140356  13.88972396238012
1.9150431867000657  13.502880414246336
1.937218341686189  13.126443640128691
1.9596502728651808  12.760143675272225
1.982341953565221  12.403717296993413
2.005296391544007  12.05690786282566
2.0285166293874304  11.719465152395466
2.052005744912866  11.391145212946997
2.0757668515771335  11.07171020843405
2.0998030988891845  10.760928268770096
2.124117672827565  10.45857312137914
2.148713796262714  10.164423840191047
2.173594729384151  9.878265078697787
2.198763770132611  9.599886967861247
2.2242242546371838  9.329084980528298
2.249979557657512  9.065659799131788
2.2760330930311135  8.809417186599097
2.302388314125883  8.560167860391248
2.3290487142978282  8.317727369597991
2.356017827354116  8.081915975015287
2.383299228021468  7.852558532134361
2.410896532419994  7.629484376972143
2.4388133985424996  7.412527214675411
2.46705352673935  7.201525010832076
2.4956206602089495  6.996319885424834
2.524518585493897  6.796758009363948
2.553751132982887  6.602689503537305
2.5833221774184265  6.413968340317547
2.613235638410425  6.230452247467336
2.643495480955735  6.0520026159820395
2.6741057159637105  5.878484516150096
2.705070400787845  5.7097666608179365
2.7363936397635737  5.545721140557269
2.768079584752293  5.3862233234008
2.8001324356916912  5.23115177420526
2.8325564411524415  5.080388175917504
2.865355898901347  4.9338172527006074
2.8985351564710053  4.791326694877835
2.9320986117360692  4.652807085653211
2.966050713496179  4.518151829568427
3.0003959620656473  4.3872570826566015
3.035138909869971  4.2600216842543075
3.0702841620492487  4.136347090434154
3.105836377068589  4.016137309020964
3.1418002673355834  3.8992988361554515
3.178180599824933  3.785740594370101
3.2149821967103023  3.6753738721426488
3.2522099360034975  3.5681122648934185
3.2898687522010372  3.4638716173934396
3.3279636369382186  3.3625699659270007
3.3664996396507503  3.264127374127328
3.4054818682440513  3.168465826435076
3.4449154897702963  3.0755093568224763
3.484805731113308  2.9851840132843943
3.5251578796813665  2.897417805699021
3.5659772841080577  2.8121406550177905
3.6072693549612245  2.7292843437507837
3.6490395654601318  2.6487824677147693
3.6912934522009375  2.5705703890118756
3.734036615890561  2.49458519020765
3.777274722089052  2.420765629678153
3.8210135019605524  2.349052098096418
3.86525875303296  2.279386576029399
3.910016339966377  2.2117125926172885
3.955292195330474  2.1459751853077518
4.001092320390836  2.0821208606183625
4.047422785904433  2.0200975559011836
4.094289732924285  1.959854602084119
4.141699373613454  1.9013426873642691
4.189657992068462  1.8445138241324155
4.238171945152237  1.7893214693934791
4.287247663336712  1.7357205656990877
4.3368916515551765  1.6836672514667461
4.387110490064495  1.6331188072331067
4.437910835317318  1.5840336280545422
4.489299420844382  1.5363711965077205
4.541283058147039  1.4900920562791988
4.593868637600105  1.4451577863331895
4.647063129365178  1.4015309756467575
4.7008735843145235  1.3591751985019092
4.755307134965658  1.3180549903241097
4.810370996426762  1.2781358240569352
4.866072467353028  1.2393840870627135
4.922418930914095  1.2017670585391236
4.979417855772672  1.1652528874418797
5.037076797074514  1.1298105709037474
5.095403397449835  1.095409933140305
5.154405388026337  1.0620216048329745
5.214090589453963  1.0296170029799943
5.274466912941512  0.99816831294971
5.335542361305267  0.9676485864129538
5.397325030029752  0.9380317784852655
5.459823108340785  0.9092925346554068
5.523044880290955  0.8814061564176099
5.586998725857651  0.8543485864969692
5.65169312205383  0.8280963943229704
5.717136644051636  0.8026267617503567
5.783337966319022  0.7779174690263586
5.850305863769547  0.7539468810031548
5.918049212925483  0.7306939335943125
5.986576993094382  0.7081381204737973
6.0558982875592795  0.6862594800160194
6.126022284782669  0.6650385824752787
6.19695827962443  0.6444565174028348
6.268715674573841  0.6244948812997363
6.341303980995878  0.6051357655034405
6.414732820391932  0.5863617443061533
6.489011925675131  0.5681558633027441
6.564151142460422  0.5505016279659999
6.640160430369603  0.5333829921580636
6.717049864351456  0.5167843277539581
6.794829636017171  0.5006904046818735
6.873510054991234  0.4850864126623038
6.9531015502779585  0.469957953585362
7.033614671643832  0.4552910309239576
7.1150600910158825  0.44107203938516876
7.19744860389623  0.4272877547957284
7.280791130793016  0.4139253242175536
7.365098718667908  0.4009722562892735
7.4503825424003605  0.3884164117897377
7.536653906268832  0.3762459944195108
7.6239242454491585  0.36444954179639066
7.712205127530268  0.35301591666101395
7.801508254047459  0.3419342982886528
7.891845462033423  0.3311941741033276
7.983228725587226  0.32078533149041205
8.075670157461472  0.3106978498039251
8.169182010667825  0.3009220925647578
8.26377668010114  0.29144869984611393
8.359466704182386  0.28226858128589183
8.45626476652061  0.2733729386031105
8.554183697594128  0.2647532725786305
8.65323647645119  0.2564013265760919
8.75343623243034  0.24830907568417787
8.854796246900706  0.24046872090066732
8.957329955022415  0.2328726834329195
9.061050947527416  0.22551359911374186
9.165972972520919  0.21838431293153243
9.272109937303691  0.21147787367354431
9.37947591021545  0.2047875286810701
9.48808512249961  0.1983067187153014
9.59795197018962  0.19202907293258314
9.70909101601713  0.18594840396774442
9.82151699134229  0.1800587031241526
9.935244798106357  0.17435413566911517
10.050289510806923  0.1688290362332195
10.16666637849605  0.16347790431218226
10.284390826801493  0.15829539986975572
10.403478459971362  0.15327633904022467
10.52394506294244  0.14841568899527588
10.645806603432467  0.14370850117112216
10.769079234056639  0.13914987773677914
10.89377929446862  0.1347350720950262
11.019923313526348  0.13045949371257565
11.147528011482917  0.12631870277726243
11.27661030220282  0.12230840504669498
11.40718729540388  0.11842444688118527
11.539276298925104  0.11466281045405216
11.67289482102084  0.11101960913266601
11.808060572681457  0.10749108302386075
11.944791469980933  0.10407359467758916
12.083105636451604  0.1007636249429329
12.223021405486417  0.09755776897081325
12.364557322769008  0.09445273235796246
12.507732148731904  0.09144532742692947
12.65256486104321  0.08853246963709581
12.799074657122055  0.08571117412187006
12.947280956683224  0.08297855234741802
13.097203404311195  0.08033180888846075
13.248861872064003  0.07776823910388424
13.402276462107283  0.07528527894585152
13.557467509378768  0.07288052687430928
13.71445558428368  0.07055165300871678
13.873261495421303  0.06829638913990206
14.033906292343145  0.06611252749017227
14.196411268343034  0.06399791947865269
14.36079796327952  0.06195047449300447
14.52708816643096  0.05996815866860021
14.69530391938366  0.05804899367616676
14.865467518953471  0.05619105551883502
15.037601520141196  0.054392473339472495
15.211728739122256  0.05265142823910963
15.387872256270905  0.050966152107213655
15.566055419219557  0.04933492646449991
15.746301845953452  0.04775608131892065
15.92863542794123  0.046227994035413514
16.11308033330167  0.044749088219942036
16.299661010007213  0.04331783261831117
16.488402189124436  0.04193274003019411
16.679328888092222  0.04059236562379616
16.87246641403768  0.03929526461711793
17.06784036713071  0.038039971852180554
17.26547664397715  0.036825069553803186
17.46540144105143  0.03564919199456082
17.667641258168846  0.03451102342002847
17.872222901998114  0.03340929606289692
18.079173489614508  0.032342788241903654
18.288520452094275  0.03131032254171768
18.500291538150513  0.03031076407010614
18.71451481781132  0.029343018788882864
18.931218686140355  0.0284060319153123
19.15043186700066  0.02749878639079693
19.37218341686189  0.026620301413830757
19.596502728651814  0.025769631034343623
19.823419535652206  0.024945862806698083
20.052963915440067  0.024148116498729617
20.28516629387431  0.023375542854345684
20.520057449128657  0.02262732240731367
20.757668515771336  0.021902664343981148
20.99803098889184  0.021200805642337426
21.24117672827565  0.020521025427974817
21.487137962627134  0.019862651194899706
21.735947293841512  0.019225032153851327
21.987637701326108  0.018607536184240332
22.24224254637184  0.01800954934769227
22.499795576575117  0.01743047541219985
22.76033093031114  0.016869735386738503
23.023883141258825  0.01632676706620005
23.29048714297829  0.01580102458649448
23.560178273541155  0.015291977989671718
23.832992280214686  0.014799112798911157
24.10896532419994  0.014321929603227463
24.388133985424997  0.013859943651739447
24.6705352673935  0.013412684457348367
24.9562066020895  0.012979695409671494
25.24518585493897  0.012560533397076535
25.537511329828877  0.012154768437662111
25.833221774184263  0.011761983319029876
26.132356384104256  0.01138177324669346
26.43495480955735  0.011013745397310756
26.741057159637098  0.010657511631296152
27.05070400787845  0.010312684915899524
27.363936397635733  0.009978890610231873
27.680795847522933  0.009655767109472482
28.001324356916907  0.009342965357280209
28.325564411524415  0.009040148377741064
28.65355898901346  0.008746990826020616
28.985351564710058  0.008463178556925927
29.32098611736069  0.00818840821061922
29.660507134961794  0.007922386814757586
30.00395962065647  0.007664831402367076
30.351389098699713  0.007415468644789175
30.702841620492478  0.007174034499067989
31.05836377068589  0.006940273869173671
31.41800267335583  0.0067139402804852946
31.781805998249332  0.006494795566980809
32.14982196710302  0.006282609570607053
32.52209936003498  0.006077159852325034
32.89868752201037  0.005878231414348541
33.279636369382196  0.005685616619892286
33.664996396507505  0.005499127457495402
34.05481868244052  0.005318601113461471
34.44915489770297  0.005143878807157198
34.84805731113308  0.004974803846345414
35.25157879681367  0.004811221746887338
35.659772841080574  0.0046529803403743695
36.07269354961225  0.0044999298702491685
36.49039565460131  0.0043519230769689275
36.91293452200937  0.004208815272755912
37.340366158905596  0.0040704644064717375
37.772747220890516  0.003936731119140628
38.210135019605524  0.0038074787906365983
38.652587530329605  0.0036825735780365593
39.100163399663764  0.003561884446128747
39.55292195330474  0.0034452831905521794
40.01092320390836  0.0033326444540287387
40.47422785904434  0.003223845736134693
40.94289732924285  0.003118767397043854
41.41699373613454  0.0030172926556590045
41.89657992068461  0.0029193073551198713
42.38171945152237  0.0028246846991127478
42.87247663336712  0.0027332781045967675
43.368916515551774  0.002644946617921108
43.87110490064495  0.002559556961399005
44.37910835317319  0.0024769830828278434
44.892994208443824  0.002397105733835978
45.4128305814704  0.0023198120749932114
45.93868637600105  0.0022449953057792705
46.47063129365179  0.0021725543176493627
47.008735843145224  0.002102393368569176
47.55307134965657  0.002034421777514089
48.103709964267615  0.001968553637540582
48.660724673530275  0.0019047075461417762
49.22418930914095  0.001842806351695138
49.79417855772672  0.0017827769148990311
50.37076797074514  0.001724549884176515
50.95403397449834  0.0016680594841005435
51.54405388026337  0.001613243315964428
52.140905894539614  0.0015600421696861872
52.744669129415115  0.0015084000122647613
53.35542361305265  0.0014582749409508405
53.97325030029752  0.0014096441594723503
54.59823108340785  0.0013624851974535204
55.230448802909564  0.0013167742260827777
55.86998725857651  0.0012724862127381062
56.51693122053832  0.0012295950682453686
57.171366440516366  0.0011880737867436247
57.833379663190236  0.0011478945781708866
58.503058637695474  0.0011090289934196234
59.18049212925485  0.001071448042243566
59.86576993094382  0.0010351223040262348
60.558982875592804  0.0010000220315470498
61.260222847826704  0.000966117247903348
61.969582796244325  0.0009333778367659419
62.68715674573841  0.0009017736261624959
63.413039809958754  0.00087127446599683
64.14732820391932  0.0008418502995238124
64.89011925675128  0.0008134712290085441
65.64151142460422  0.0007861075758055795
66.401604303696  0.0007597298564692412
67.17049864351456  0.0007343035651523784
67.9482963601717  0.0007097867863815689
68.73510054991235  0.000686139040214991
69.53101550277957  0.000663322020824426
70.33614671643832  0.0006412994687906942
71.15060091015881  0.0006200370515802659
71.97448603896231  0.0005995022516262528
72.80791130793015  0.0005796642614806146
73.6509871866791  0.0005604938855442832
74.50382542400361  0.0005419634479188436
75.36653906268833  0.0005240467059572209
76.23924245449157  0.0005067187691222005
77.1220512753027  0.0004899560227903155
78.0150825404746  0.00047373605666532043
78.91845462033426  0.00045803759748995053
79.83228725587227  0.0004428404457673402
80.75670157461474  0.00042812541622441194
81.69182010667825  0.00041387428176888085
82.63776680101141  0.0004000697207094048
83.59466704182385  0.00038669529517708714
84.56264766520609  0.0003737372899959741
85.54183697594128  0.00036118553668924093
86.53236476451187  0.0003490302120622424
87.5343623243034  0.0003372615396915185
88.54796246900705  0.0003258698036458124
89.57329955022415  0.0003148453612011521
90.61050947527413  0.0003041786545845085
91.65972972520919  0.000293860221781169
92.72109937303689  0.00028388070644140887
93.7947591021545  0.0002742308669223195
94.88085122499608  0.0002649015845007713
95.97951970189618  0.0002558838707934672
97.0909101601713  0.00024716887441989183
98.21516991342294  0.0002387478869436672
99.35244798106355  0.00023061234812748403
100.50289510806927  0.00022275385053623458
101.6666637849605  0.0002151641435224729
102.84390826801496  0.00020783513662760486
104.0347845997136  0.00020075890243156065
105.23945062942443  0.00019392766929334792
106.45806603432467  0.00018733318119536698
107.69079234056642  0.00018096640492791595
108.9377929446862  0.00017481860663525877
110.19923313526353  0.00016888143851524602
111.47528011482918  0.00016314691981546292
112.76610302202819  0.00015760741884055142
114.0718729540388  0.00015225563591266184
115.39276298925103  0.00014708458723057747
116.7289482102084  0.00014208758957638508
118.08060572681454  0.00013725824582169153
119.44791469980933  0.00013259043118831138
120.831056364516  0.0001280782802210778
122.23021405486418  0.00012371617443298447
123.64557322769004  0.00011949873058527484
125.07732148731904  0.00011542078956730539
126.52564861043204  0.00011147740584315002
127.99074657122058  0.00010766383743382961
129.47280956683227  0.00010397553640593712
130.972034043112  0.00010040813983912305
132.48861872064003  9.695746370277815e-05
134.02276462107287  9.361965906741352e-05
135.57467509378768  9.039127919972232e-05
137.14455584283684  8.726899623340276e-05
138.73261495421303  8.424957188586784e-05
140.3390629234315  8.132985555160633e-05
141.96411268343033  7.850678241406595e-05
143.60797963279524  7.577737157696111e-05
145.2708816643096  7.313872421584992e-05
146.95303919383664  7.058802175074771e-05
148.65467518953471  6.812252404049951e-05
150.37601520141197  6.573956759955949e-05
152.11728739122248  6.343656383777781e-05
153.8787225627091  6.121099732373645e-05
155.66055419219558  5.90604240721237e-05
157.4630184595345  5.698246985558319e-05
159.28635427941222  5.497482854143144e-05
161.1308033330168  5.303526045358473e-05
162.9966101000721  5.116159075999317e-05
164.8840218912444  4.935170788583748e-05
166.79328888092212  4.760356257553641e-05
168.72466414037692  4.5915207987202564e-05
170.6784036713071  4.4284816897365594e-05
172.65476643977146  4.2710610156940505e-05
174.65401441051424  4.119084968245456e-05
176.67641258168857  3.972383832975298e-05
178.72222901998114  3.830791970937033e-05
180.7917348961451  3.694147794765786e-05
182.88520452094264  3.5622937397611674e-05
185.00291538150523  3.43507623031971e-05
187.1451481781132  3.312345642081642e-05
189.31218686140355  3.193956260141988e-05
191.5043186700065  3.0797662336615705e-05
193.721834168619  2.969637527198569e-05
195.9650272865181  2.8634358690674755e-05
198.23419535652206  2.761030697017478e-05
200.52963915440066  2.6622951015090487e-05
202.85166293874298  2.5671057668534792e-05
205.20057449128666  2.4753429104667396e-05
207.57668515771337  2.386890220476267e-05
209.98030988891838  2.301634710822129e-05
212.4117672827564  2.2194612381062402e-05
214.87137962627145  2.140250005278974e-05
217.3594729384151  2.0638856122972754e-05
219.87637701326108  1.990257703025817e-05
222.4224254637183  1.9192607212275244e-05
224.99795576575127  1.8507936793098922e-05
227.6033093031114  1.7847599391121508e-05
230.23883141258827  1.7210670040607192e-05
232.90487142978276  1.6596263220609417e-05
235.60178273541166  1.600353098530297e-05
238.32992280214685  1.543166119013777e-05
241.0896532419994  1.4879875808548947e-05
243.88133985424986  1.434742933426918e-05
246.7053526739351  1.3833607264578393e-05
249.562066020895  1.3337724660098048e-05
252.4518585493897  1.2859124776992216e-05
255.37511329828862  1.2397177767678279e-05
258.3322177418428  1.1951279446373601e-05
261.3235638410425  1.1520850116016454e-05
264.3495480955735  1.1105333161516393e-05
267.41057159637097  1.0704174501856408e-05
270.5070400787844  1.0316812896784614e-05
273.6393639763574  9.942711850490084e-06
276.8079584752293  9.581361296549417e-06
280.01324356916905  9.23227611982449e-06
283.255644115244  8.894994765042834e-06
286.53558989013476  8.569077926466465e-06
289.8535156471006  8.254107313455388e-06
293.2098611736069  7.949684487099843e-06
296.6050713496178  7.65542976343838e-06
300.03959620656485  7.370981179094026e-06
303.5138909869971  7.095993515455355e-06
307.02841620492484  6.8301373777995e-06
310.5836377068588  6.573098326007672e-06
314.18002673355846  6.324576053755467e-06
317.8180599824933  6.084283613277897e-06
321.4982196710302  5.8519466830089395e-06
325.22099360034963  5.6273028755822045e-06
328.9868752201039  5.4101010838510884e-06
332.79636369382195  5.200100936168168e-06
336.649963965075  4.997077099811746e-06
340.54818682440504  4.8008208207319165e-06
344.4915489770299  4.611131082453226e-06
348.48057311133084  4.427813466574468e-06
352.51578796813664  4.250679851185018e-06
356.5977284108057  4.0795481248340345e-06
360.7269354961222  3.914241915313989e-06
364.90395654601326  3.7545903325588127e-06
369.12934522009374  3.6004277249919404e-06
373.403661589056  3.451593448693005e-06
377.727472208905  3.3079316487826696e-06
382.1013501960554  3.169291052454197e-06
386.525875303296  3.0355247731074952e-06
391.0016339966377  2.9064901250661144e-06
395.52921953304724  2.782048448382173e-06
400.10923203908385  2.66206494325558e-06
404.7422785904434  2.5464085136148826e-06
409.42897329242845  2.4349516194263315e-06
414.16993736134526  2.32757013731621e-06
418.96579920684627  2.2241440445859953e-06
423.81719451522366  2.124611236140224e-06
428.72476633367114  2.0289887173318358e-06
433.68916515551746  1.9372794097158146e-06
438.7110490064497  1.8494655386636621e-06
443.7910835317319  1.7655111001115154e-06
448.92994208443827  1.685364210552295e-06
454.1283058147038  1.608959327524078e-06
459.3868637600107  1.5362193315992211e-06
464.7063129365179  1.4670574642211768e-06
470.08735843145234  1.4013791186690517e-06
475.5307134965657  1.339083483964581e-06
481.0370996426759  1.2800650436893336e-06
486.60724673530297  1.2242149334746528e-06
492.2418930914094  1.1714221623901229e-06
497.9417855772671  1.121574704616965e-06
503.7076797074511  1.074560468682646e-06
509.5403397449836  1.0302681521825286e-06
515.4405388026337  9.88587990355387e-07
521.4090589453962  9.494124071421144e-07
527.4466912941509  9.126358139330281e-07
533.5542361305268  8.781041910784038e-07
539.7325030029752  8.455930082324341e-07
545.9823108340786  8.148927472992902e-07
552.3044880290953  7.858147970148183e-07
558.6998725857653  7.58189172142061e-07
565.1693122053832  7.318625490061695e-07
571.7136644051635  7.066965732874336e-07
578.333796631902  6.825664023361677e-07
585.0305863769551  6.593594495524117e-07
591.8049212925484  6.369743027695736e-07
598.6576993094382  6.153197922444703e-07
605.5898287559278  5.943141869127836e-07
612.6022284782673  5.738845001239196e-07
619.6958279624431  5.539658882116898e-07
626.8715674573841  5.34501127062408e-07
634.1303980995875  5.154401533748264e-07
641.4732820391928  4.967396586218718e-07
648.9011925675132  4.783627248707366e-07
656.4151142460422  4.602784926368254e-07
664.0160430369601  4.424622536818906e-07
671.7049864351452  4.2492188750588507e-07
679.4829636017173  4.077088036213966e-07
687.3510054991235  3.90871687195853e-07
695.3101550277956  3.7445229700895276e-07
703.3614671643828  3.5848581075076514e-07
711.5060091015885  3.4300121019853386e-07
719.744860389623  3.2802169546702824e-07
728.0791130793016  3.1356511851120174e-07
736.5098718667907  2.996444271034269e-07
745.0382542400364  2.8626811157617157e-07
753.6653906268834  2.7344064768570473e-07
762.3924245449158  2.6116292998909845e-07
771.2205127530266  2.494326911161785e-07
780.1508254047463  2.3824490324553044e-07
789.1845462033425  2.2759215894874163e-07
798.3228725587226  2.1746502934287194e-07
807.5670157461469  2.0785239818434242e-07
816.9182010667828  1.9874177114702026e-07
826.3776680101141  1.9011956005488472e-07
835.9466704182386  1.8197124212633527e-07
845.6264766520609  1.7427495122422677e-07
855.4183697594123  1.6699893502773758e-07
865.3236476451191  1.601130216993028e-07
875.3436232430341  1.535894994934942e-07
885.4796246900704  1.4740289554605004e-07
895.732995502241  1.4152977672848243e-07
906.1050947527417  1.3594857019472067e-07
916.5972972520918  1.306394015182763e-07
927.210993730369  1.2558394855720066e-07
937.9475910215446  1.2076530939397376e-07
948.8085122499614  1.1616788288208e-07
959.7951970189619  1.1177726049361947e-07
970.909101601713  1.0758012830562045e-07
982.1516991342289  1.0356417808923616e-07
993.5244798106361  9.971802657771028e-08
1005.0289510806927  9.603114208783975e-08
1016.6666378496051  9.249377775712284e-08
1028.439082680149  8.909691073631413e-08
1040.3478459971368  8.583218674588726e-08
1052.3945062942441  8.269188354507989e-08
1064.5806603432468  7.966980456984676e-08
1076.9079234056637  7.676165366794933e-08
1089.3779294468627  7.39634112517509e-08
1101.9923313526353  7.127117554799211e-08
1114.7528011482918  6.868116090758918e-08
1127.6610302202819  6.618969600587942e-08
1140.7187295403874  6.379322194581282e-08
1153.9276298925108  6.148829027588008e-08
1167.2894821020839  5.927156093389285e-08
1180.8060572681452  5.7139800127065374e-08
1194.4791469980928  5.508987815819916e-08
1208.3105636451608  5.3118767207159406e-08
1222.3021405486415  5.1223539076219933e-08
1236.4557322769003  4.940136290727868e-08
1250.7732148731898  4.764950287839044e-08
1265.2564861043213  4.596531588652439e-08
1279.9074657122057  4.434624922294099e-08
1294.7280956683226  4.2789838247095256e-08
1309.720340431119  4.129370406450247e-08
1324.886187206401  3.985554232142889e-08
1340.2276462107284  3.847252605387059e-08
1355.7467509378766  3.714103281432022e-08
1371.4455584283676  3.585763976535734e-08
1387.3261495421311  3.461920000926525e-08
1403.390629234315  3.342282194148134e-08
1419.6411268343036  3.2265850491535546e-08
1436.0797963279517  3.11458500456993e-08
1452.7088166430967  3.006058886679697e-08
1469.5303919383664  2.9008024845493602e-08
