0.0014865467518953472  322.98274024850866
0.001871451481781132  396.058066301141
0.0023560178273541164  482.8033487275301
0.002966050713496178  584.1230584994674
0.00373403661589056  699.9693637084388
0.0047008735843145225  828.7710802049487
0.005918049212925484  966.68975103671
0.007450382542400364  1106.784128429446
0.009379475910215446  1238.1232374495664
0.011808060572681455  1345.0817787304304
0.014865467518953472  1407.3738365880458
0.01871451481781132  1402.4813839084895
0.023560178273541156  1313.2296524729243
0.029660507134961794  1142.826124186393
0.0373403661589056  930.8012496795291
0.04700873584314522  744.9953332030786
0.05918049212925485  625.2416653255103
0.0745038254240036  514.7623079648487
0.0937947591021545  352.20411689667986
0.11808060572681454  253.3792632602542
0.14865467518953474  182.26558820962578
0.18714514817811317  122.34409297148702
0.23560178273541155  78.25101528682399
0.29660507134961794  50.98906029669397
0.3734036615890561  32.486545151380426
0.4700873584314523  20.234828867821836
0.5918049212925482  12.32775892264697
0.7450382542400361  7.4069243516831165
0.9379475910215449  4.392315260712496
1.1808060572681456  2.5740062452052945
1.4865467518953472  1.4923827040558957
1.8714514817811319  0.8570145765081697
2.356017827354116  0.4878919317208369
2.966050713496179  0.275589846797759
3.734036615890561  0.1545614822924521
4.7008735843145235  0.08612274359732724
5.918049212925483  0.047711429153672304
7.4503825424003605  0.026285952482638635
9.37947591021545  0.014407067126257719
11.808060572681457  0.007859729268699935
14.865467518953471  0.00426850433278229
