0.0014865467518953472  5441.342378244671
0.0015037601520141196  5497.636692777233
0.0015211728739122248  5554.451684117619
0.001538787225627091  5611.790613355747
0.0015566055419219558  5669.656731381423
0.0015746301845953451  5728.053278150421
0.0015928635427941223  5786.983481938661
0.0016113080333301677  5846.450558584462
0.0016299661010007213  5906.4577107188525
0.0016488402189124439  5967.00812698382
0.0016679328888092211  6028.104978726019
0.001687246641403769  6089.751323666876
0.0017067840367130712  6151.950070928212
0.0017265476643977145  6214.704094367144
0.001746540144105142  6278.016239777993
0.0017667641258168859  6341.889323819025
0.0017872222901998112  6406.326132924509
0.001807917348961451  6471.3294222026
0.0018288520452094266  6536.901914318625
0.0018500291538150523  6603.046298364098
0.001871451481781132  6669.765228711539
0.0018931218686140353  6737.061323854755
0.001915043186700065  6804.937165235236
0.00193721834168619  6873.395296054188
0.0019596502728651817  6942.438220070565
0.001982341953565221  7012.068400385144
0.0020052963915440066  7082.288258210553
0.00202851662938743  7153.100171627662
0.0020520057449128666  7224.506474328127
0.0020757668515771336  7296.509454343309
0.002099803098889184  7369.1113494819
0.002124117672827564  7442.314221456878
0.0021487137962627146  7516.119910229108
0.0021735947293841508  7590.530181747587
0.0021987637701326107  7665.546737141096
0.0022242242546371828  7741.171211115667
0.0022499795576575127  7817.405170337849
0.002276033093031114  7894.2501118044
0.0023023883141258827  7971.70746119835
0.0023290487142978277  8049.7785712317755
0.0023560178273541164  8128.4647199757865
0.0023832992280214686  8207.767109177723
0.002410896532419994  8287.68686256625
0.0024388133985424987  8368.225024144342
0.002467053526739351  8449.382556470762
0.00249562066020895  8531.160338930185
0.0025245185854938968  8613.559165992663
0.0025537511329828864  8696.57974546237
0.002583322177418428  8780.222696716453
0.0026132356384104254  8864.488548934305
0.002643495480955735  8949.37773489431
0.0026741057159637097  9034.890421153375
0.0027050704007878443  9121.026446782882
0.0027363936397635743  9207.785522938088
0.002768079584752293  9295.167245311746
0.0028001324356916905  9383.171092029295
0.00283255644115244  9471.796421538158
0.002865355898901348  9561.042470492017
0.002898535156471006  9650.90835163048
0.0029320986117360687  9741.393051655561
0.002966050713496178  9832.495429104898
0.0030003959620656484  9924.214212223194
0.0030351389098699716  10016.547996832365
0.0030702841620492485  10109.49524420126
0.003105836377068587  10203.054278916037
0.0031418002673355844  10297.223286751756
0.0031781805998249333  10392.000312546234
0.003214982196710302  10487.383258077236
0.0032522099360034968  10583.369879943823
0.003289868752201039  10679.957787452408
0.003327963636938219  10777.1444338205
0.0033664996396507506  10874.926860101312
0.00340548186824405  10973.301603876353
0.0034449154897702983  11072.265002138096
0.0034848057311133085  11171.813210897037
0.003525157879681367  11271.942202787362
0.003565977284108057  11372.647764689882
0.0036072693549612225  11473.925495373345
0.003649039565460133  11575.770803155798
0.003691293452200937  11678.178903587632
0.00373403661589056  11781.144817157545
0.0037772747220890497  11884.663367023453
0.003821013501960554  11988.729176769775
0.00386525875303296  12093.336668192427
0.003910016339966377  12198.480059113619
0.003955292195330472  12304.15336122815
0.004001092320390838  12410.350377982155
0.004047422785904434  12517.064702487438
0.004094289732924285  12624.289715471421
0.004141699373613452  12732.018583266246
0.004189657992068463  12840.244245559272
0.0042381719451522375  12948.959023491358
0.004287247663336711  13058.154482072861
0.004336891651555175  13167.82189775311
0.004387110490064496  13277.952290134832
0.0044379108353173186  13388.536419900707
0.004489299420844383  13499.5647868056
0.0045412830581470385  13611.02762773567
0.004593868637600107  13722.91491483781
0.004647063129365179  13835.216353721711
0.0047008735843145225  13947.921381737355
0.004755307134965657  14061.019166330367
0.00481037099642676  14174.498603477818
0.0048660724673530295  14288.348316207828
0.004922418930914094  14402.556653204434
0.004979417855772671  14517.111687501912
0.005037076797074512  14632.00121526975
0.005095403397449836  14747.212754692451
0.005154405388026337  14862.733544945511
0.0052140905894539616  14978.550545271428
0.005274466912941509  15094.650423175151
0.005335542361305267  15211.019137344358
0.005397325030029752  15327.641793878256
0.005459823108340785  15444.503148478329
0.005523044880290953  15561.587642112727
0.005586998725857653  15678.879400619842
0.0056516931220538325  15796.362234451426
0.005717136644051636  15914.01963855994
0.005783337966319021  16031.834792432188
0.00585030586376955  16149.790560273283
0.005918049212925484  16267.869491344332
0.005986576993094382  16386.053820457015
0.006055898287559278  16504.325468627998
0.006126022284782673  16622.6660438972
0.006196958279624432  16741.056842312184
0.0062687156745738415  16859.47884908278
0.006341303980995877  16977.9127399082
0.006414732820391928  17096.33888248031
0.006489011925675132  17214.737338166015
0.006564151142460422  17333.08786387116
0.006640160430369601  17451.369878024114
0.006717049864351452  17569.561096954738
0.0067948296360171734  17687.637074656963
0.006873510054991234  17805.572860547178
0.006953101550277957  17923.343121584792
0.007033614671643828  18040.922145703684
0.007115060091015884  18158.283845537902
0.007197448603896231  18275.40176244722
0.007280791130793015  18392.249070846905
0.007365098718667907  18508.798582845295
0.007450382542400364  18625.02275319419
0.007536653906268834  18740.893684555143
0.007623924245449157  18856.38313308605
0.007712205127530266  18971.46251435143
0.007801508254047463  19086.10290955969
0.007891845462033425  19200.27507213062
0.007983228725587226  19313.9494345962
0.00807567015746147  19427.096115837794
0.008169182010667828  19539.684928661125
0.00826377668010114  19651.68538771323
0.008359466704182385  19763.06667996333
0.008456264766520609  19873.796244485005
0.008554183697594123  19983.83930653391
0.008653236476451191  20093.16062623146
0.00875343623243034  20201.724634341263
0.008854796246900703  20309.49544374392
0.00895732995502241  20416.436861384333
0.009061050947527417  20522.51240069272
0.00916597297252092  20627.685294481504
0.009272109937303688  20731.91850831806
0.009379475910215446  20835.174754374046
0.009488085122499613  20937.416505751033
0.009597951970189618  21038.606011281896
0.00970909101601713  21138.70531080668
0.009821516991342288  21237.67625092131
0.009935244798106362  21335.480501197264
0.010050289510806925  21432.079570868696
0.01016666637849605  21527.434825984754
0.010284390826801491  21621.507507022394
0.010403478459971367  21714.258746955686
0.010523945062942443  21805.649505035486
0.010645806603432466  21895.637386071852
0.010769079234056636  21984.17562219275
0.010893779294468626  22071.217010102635
0.011019923313526352  22156.71421721634
0.011147528011482917  22240.619808238233
0.01127661030220282  22322.886272461525
0.011407187295403874  22403.466051779465
0.011539276298925108  22482.311569396512
0.01167289482102084  22559.375259228204
0.011808060572681455  22634.609595976162
0.011944791469980927  22707.9671258634
0.012083105636451605  22779.4004980153
0.012223021405486418  22848.862496467696
0.012364557322769004  22916.306072785206
0.012507732148731897  22981.68437926934
0.01265256486104321  23044.950802736377
0.012799074657122057  23106.058998841898
0.012947280956683224  23164.962926929158
0.01309720340431119  23221.616885376825
0.01324886187206401  23275.975456176977
0.013402276462107284  23327.990103397708
0.013557467509378768  23377.608130557255
0.013714455584283677  23424.776957134363
0.013873261495421311  23469.44446746443
0.014033906292343148  23511.559057952214
0.014196411268343034  23551.069684908405
0.014360797963279518  23587.92591296741
0.014527088166430968  23622.077964040614
0.014695303919383665  23653.476766757165
0.014865467518953472  23682.074006343348
0.015037601520141197  23707.82217488745
0.015211728739122257  23730.67462193701
0.015387872256270902  23750.585605372424
0.015566055419219557  23767.510342498943
0.01574630184595345  23781.40506129694
0.01592863542794123  23792.22705176927
0.01611308033330167  23799.934717322056
0.01629966101000721  23804.487626112863
0.016488402189124438  23805.846562300685
0.016679328888092218  23803.97350919828
0.016872466414037685  23798.829147770815
0.017067840367130712  23790.37214005883
0.017265476643977148  23778.56235571302
0.01746540144105143  23763.361156329032
0.01766764125816885  23744.731453784476
0.017872222901998115  23722.637768129323
0.01807917348961451  23697.046284937922
0.018288520452094274  23667.92491202608
0.018500291538150512  23635.243335438707
0.01871451481781132  23598.97307460957
0.018931218686140356  23559.087536594707
0.019150431867000658  23515.562069279455
0.01937218341686189  23468.374013459605
0.019596502728651814  23417.502753694407
0.01982341953565221  23362.929767830465
0.020052963915440068  23304.638675094462
0.020285166293874307  23242.61528265323
0.020520057449128656  23176.847630538763
0.020757668515771335  23107.32603483711
0.02099803098889184  23034.043300400273
0.021241176728275652  22957.001175977864
0.021487137962627134  22876.21221018942
0.02173594729384151  22791.691712202675
0.021987637701326106  22703.45718796737
0.02224224254637184  22611.528345276496
0.022499795576575117  22515.92709664769
0.02276033093031114  22416.677559991687
0.023023883141258826  22313.806057039234
0.023290487142978288  22207.341109499033
0.023560178273541156  22097.31343292371
0.023832992280214686  21983.755928262908
0.02410896532419994  21866.703671086758
0.024388133985425  21746.193898465597
0.0246705352673935  21622.265993495566
0.024956206602089505  21494.961467462515
0.02524518585493897  21364.323939642003
0.02553751132982888  21230.399114733664
0.025833221774184265  21093.234757935294
0.026132356384104254  20952.880667663434
0.026434954809557352  20809.389470318732
0.026741057159637094  20662.84724926867
0.027050704007878457  20513.381543948522
0.02736393639763573  20361.122276494585
0.02768079584752293  20206.1988688112
0.028001324356916903  20048.740107670124
0.028325564411524416  19888.87401466044
0.028653558989013464  19726.727721069867
0.02898535156471006  19562.42734776656
0.02932098611736069  19396.097890134784
0.029660507134961794  19227.863108107304
0.030003959620656474  19057.84542132241
0.03035138909869971  18886.16580942324
0.030702841620492482  18712.943717504124
0.03105836377068589  18538.296966697893
0.03141800267335583  18362.341669887606
0.031781805998249334  18185.192152514464
0.03214982196710302  18006.96087844643
0.03252209936003498  17827.75838085945
0.032898687522010375  17647.69319807731
0.03327963636938219  17466.873634008218
0.0336649963965075  17285.459988929793
0.034054818682440514  17103.66978261542
0.03444915489770296  16921.716714650345
0.034848057311133086  16739.807092315492
0.03525157879681367  16558.13980900586
0.035659772841080566  16376.906346328604
0.03607269354961224  16196.290798567494
0.036490395654601306  16016.46991820121
0.036912934522009375  15837.613181169894
0.0373403661589056  15659.882870599447
0.03777274722089052  15483.434177710526
0.03821013501960552  15308.415318665906
0.0386525875303296  15134.967666138227
0.03910016339966377  14963.225894414534
0.039552921953304745  14793.318136890748
0.04001092320390836  14625.366154850777
0.040474227859044344  14459.485516468698
0.04094289732924285  14295.785785017953
0.04141699373613454  14134.371020801156
0.04189657992068461  13975.344138990193
0.042381719451522366  13818.805828439317
0.042872476633367115  13664.851328573925
0.04336891651555177  13513.570577596201
0.04387110490064495  13365.048454425474
0.044379108353173186  13219.365025005785
0.04489299420844382  13076.595792298109
0.0454128305814704  12936.811949332541
0.04593868637600105  12800.080634761614
0.046470631293651796  12666.465190415507
0.04700873584314522  12536.025420421982
0.04755307134965657  12408.817851514705
0.04810370996426762  12284.89511426154
0.048660724673530276  12164.255192864584
0.04922418930914095  12046.816104896898
0.049794178557726713  11932.491790752389
0.05037076797074514  11821.199023750127
0.05095403397449833  11712.857303790168
0.05154405388026337  11607.388755339942
0.05214090589453961  11504.718029557403
0.052744669129415125  11404.772210365856
0.05335542361305265  11307.467428406439
0.053973250300297516  11212.638598004289
0.054598231083407854  11120.09335627839
0.05523044880290956  11029.645401883712
0.05586998725857651  10941.114258861013
0.056516931220538316  10854.32499158871
0.057171366440516354  10769.106522566524
0.057833379663190236  10685.24633278705
0.058503058637695476  10602.482686558611
0.05918049212925485  10520.558396667971
0.05986576993094382  10439.22397417234
0.06055898287559281  10358.237457960835
0.0612602228478267  10277.350172026889
0.061969582796244316  10196.27664343461
0.06268715674573841  10114.731867378434
0.06341303980995876  10032.440457477263
0.06414732820391933  9949.13639659517
0.06489011925675128  9864.544044011935
0.06564151142460421  9778.37117485622
0.066401604303696  9690.335913739418
0.06717049864351456  9600.169419775695
0.06794829636017169  9507.625756983723
0.06873510054991235  9412.501431721292
0.06953101550277957  9314.611849097748
0.07033614671643831  9213.786267888714
0.0711506009101588  9109.878638130864
0.07197448603896231  9002.787010912047
0.07280791130793016  8892.428566909546
0.0736509871866791  8778.73534160307
0.0745038254240036  8661.69371165698
0.07536653906268834  8541.360689763167
0.07623924245449158  8417.807482465889
0.0771220512753027  8291.118359944836
0.0780150825404746  8161.4166071883665
0.07891845462033426  8028.846800078459
0.07983228725587227  7893.560756419621
0.08075670157461474  7755.807047661123
0.08169182010667825  7615.975220942129
0.08263776680101141  7474.454287224319
0.08359466704182386  7331.631009699317
0.08456264766520608  7187.927049717484
0.08554183697594128  7043.755884249324
0.08653236476451186  6899.5161792135
0.08753436232430341  6755.655369544736
0.08854796246900704  6612.628929311079
0.08957329955022415  6470.864968036427
0.09061050947527413  6330.854886496307
0.0916597297252092  6193.131013811174
0.0927210993730369  6058.181733479255
0.0937947591021545  5926.448712918055
0.09488085122499607  5798.329207419767
0.0959795197018962  5674.181437753493
0.09709091016017131  5554.335700835202
0.09821516991342295  5439.100139995055
0.09935244798106356  5328.751884591276
0.10050289510806926  5223.5047910863
0.1016666637849605  5123.496883134623
0.10284390826801496  5028.846419594941
0.10403478459971362  4939.598977634176
0.10523945062942441  4855.701659445708
0.10645806603432467  4777.095813872267
0.10769079234056642  4703.6425284521865
0.10893779294468621  4635.0926751445895
0.11019923313526353  4571.203025725101
0.11147528011482917  4511.652075627868
0.11276610302202819  4456.020961723695
0.11407187295403881  4403.90340455308
0.11539276298925102  4354.81503529397
0.11672894821020839  4308.192677197642
0.11808060572681454  4263.490079091456
0.11944791469980932  4220.124449647872
0.12083105636451599  4177.487875721071
0.12223021405486417  4134.990393561004
0.12364557322769004  4092.0129745733
0.12507732148731907  4047.9297663843913
0.12652564861043203  4002.151131008584
0.1279907465712206  3954.1785554277812
0.12947280956683224  3903.5718544806123
0.13097203404311197  3849.950215315149
0.13248861872064005  3793.1099513059553
0.13402276462107285  3732.92226344448
0.13557467509378768  3669.323752268633
0.13714455584283683  3602.4151719949114
0.13873261495421302  3532.3445375786137
0.14033906292343148  3459.346649056481
0.14196411268343034  3383.842332586481
0.14360797963279523  3306.26891349859
0.1452708816643096  3227.156127931982
0.14695303919383665  3147.187280961538
0.14865467518953474  3067.0153173777553
0.150376015201412  2987.3237669469922
0.15211728739122257  2908.831642375311
0.15387872256270907  2832.193658337982
0.15566055419219557  2758.0283681080937
0.15746301845953456  2686.913160384599
0.15928635427941232  2619.352399006488
0.16113080333301674  2555.70415927716
0.1629966101000721  2496.236729320591
0.16488402189124443  2441.1590807862276
0.1667932888809222  2390.472452439551
0.16872466414037687  2344.108737233783
0.17067840367130713  2301.9401471851756
0.17265476643977148  2263.5787446060763
0.17465401441051426  2228.6000269798033
0.17667641258168848  2196.5457781734344
0.1787222290199811  2166.8166457265834
0.18079173489614508  2138.819884781336
0.1828852045209427  2111.931958881565
0.18500291538150512  2085.4504912929788
0.18714514817811317  2058.6968144281855
0.18931218686140355  2031.0380851878235
0.19150431867000653  2001.8907098474583
0.1937218341686189  1970.7228632965416
0.19596502728651807  1937.247645407401
0.1982341953565221  1901.3785646343579
0.20052963915440072  1863.083643557073
0.20285166293874307  1822.597105242651
0.20520057449128662  1780.2911312486663
0.20757668515771335  1736.5619267758088
0.20998030988891847  1692.0049098759482
0.21241176728275651  1647.2518597992653
0.2148713796262714  1602.8931281746338
0.2173594729384151  1559.5208840340051
0.21987637701326115  1517.6793214988438
0.22242242546371838  1477.8239343937141
0.22499795576575118  1440.2848701128005
0.2276033093031114  1405.342640279136
0.23023883141258825  1373.1426110740465
0.2329048714297828  1343.6313825481118
0.23560178273541155  1316.7375848030374
0.23832992280214677  1292.221763093458
0.24108965324199938  1269.6534073496314
0.24388133985424992  1248.6142162761241
0.24670535267393498  1228.5912965816467
0.24956206602089495  1209.0021314932117
0.2524518585493897  1189.3065481367123
0.2553751132982887  1169.091184986593
0.2583322177418427  1148.0247820826921
0.2613235638410425  1125.8381936490478
0.26434954809557354  1102.498101136573
0.26741057159637105  1078.0634484996597
0.27050704007878457  1052.650524277989
0.27363936397635735  1026.5864283242254
0.2768079584752293  1000.2293804039414
0.2800132435691691  973.9576880385591
0.2832556441152442  948.2500408679814
0.2865355898901347  923.5583281824896
0.2898535156471006  900.2037995165209
0.293209861173607  878.3177100306103
0.29660507134961794  857.9967561712803
0.3000395962065648  839.1991701005591
0.30351389098699716  821.7140117630943
0.3070284162049248  805.3315763491606
0.3105836377068588  789.7706780965714
0.31418002673355827  774.685333945687
0.31781805998249324  759.7538680344745
0.3214982196710302  744.7141529741446
0.3252209936003497  729.3508134513094
0.3289868752201037  713.4897419364411
0.3327963636938219  697.1729542677477
0.336649963965075  680.5508218149126
0.3405481868244051  663.7768086498005
0.3444915489770297  647.0748552855825
0.3484805731113308  630.683084568613
0.35251578796813665  614.8096733849561
0.3565977284108058  599.6053530193193
0.36072693549612245  585.1928917186234
0.36490395654601315  571.6431402796254
0.3691293452200937  558.843326127827
0.3734036615890561  546.6401855031377
0.37772747220890524  534.8834568512916
0.3821013501960553  523.3974748106125
0.38652587530329596  512.0115171313015
0.39100163399663773  500.59438430076443
0.39552921953304737  489.12267158842087
0.4001092320390837  477.5990290193417
0.4047422785904434  466.04915359120804
0.4094289732924285  454.586185060108
0.41416993736134533  443.335339036363
0.4189657992068461  432.4008457464412
0.42381719451522365  421.8344757624134
0.4287247663336711  411.6699965735263
0.4336891651555176  401.9268284269184
0.43871104900644947  392.55564899793256
0.44379108353173174  383.4850122281874
0.44892994208443826  374.6488976267167
0.4541283058147039  365.98295325817156
0.45938686376001053  357.42610378974047
0.4647063129365178  348.9246853851749
0.4700873584314523  340.47840133614113
0.47553071349656584  332.13744331279975
0.4810370996426762  323.94974711782965
0.48660724673530287  315.95595360288644
0.4922418930914094  308.18658847583333
0.49794178557726726  300.6680190455502
0.5037076797074515  293.41666028098496
0.5095403397449835  286.39665173577794
0.5154405388026336  279.5530231969115
0.5214090589453962  272.8357316375005
0.5274466912941511  266.21867902065276
0.5335542361305265  259.7102995939412
0.5397325030029752  253.3212011362043
0.5459823108340787  247.06105763921326
0.5523044880290956  240.94065857525368
0.5586998725857651  234.97096232520903
0.5651693122053831  229.16163724048232
0.5717136644051637  223.5183133194633
0.5783337966319022  218.02772438441025
0.5850305863769547  212.6704596307085
0.5918049212925482  207.4286955160583
0.5986576993094382  202.28802789519415
0.605589828755928  197.24972407811617
0.6126022284782671  192.3213904386495
0.619695827962443  187.50977196790146
0.626871567457384  182.82059447216253
0.6341303980995878  178.25333223750192
0.6414732820391932  173.8008354704888
0.648901192567513  169.4560565435368
0.6564151142460422  165.21243638109334
0.6640160430369603  161.06416137450677
0.6717049864351455  157.0091171444512
0.679482963601717  153.04735057039233
0.6873510054991234  149.17878482016806
0.6953101550277957  145.40319053281897
0.7033614671643831  141.72018449902563
0.7115060091015881  138.12843331696436
0.7197448603896229  134.6252550105539
0.7280791130793016  131.20794911652885
0.736509871866791  127.873923257725
0.7450382542400361  124.62068843780094
0.7536653906268833  121.44585468096682
0.7623924245449158  118.34727571772201
0.7712205127530268  115.32330725799555
0.7801508254047459  112.37240953425359
0.7891845462033423  109.49306332693918
0.7983228725587226  106.68377017906336
0.8075670157461472  103.94305258351788
0.8169182010667825  101.2694541441432
0.8263776680101139  98.66153672296662
0.8359466704182386  96.11782850306345
0.8456264766520611  93.63683682751766
0.8554183697594128  91.21709951242994
0.8653236476451189  88.85718606219177
0.8753436232430339  86.55569704938719
0.8854796246900706  84.3112635050242
0.8957329955022414  82.12254631897216
0.9061050947527415  79.98823565048014
0.9165972972520919  77.90705034865539
0.9272109937303691  75.87773773528373
0.9379475910215449  73.89907596445062
0.9488085122499609  71.9698716217268
0.9597951970189618  70.08895723624087
0.9709091016017131  68.25519076238638
0.9821516991342293  66.46745509043718
0.9935244798106357  64.72465756467898
1.0050289510806922  63.02572950899906
1.016666637849605  61.36962575987235
1.0284390826801495  59.7553242066851
1.0403478459971363  58.18182533933149
1.052394506294244  56.64815180302036
1.0645806603432468  55.15334796022738
1.0769079234056638  53.69647945926359
1.089377929446862  52.27663264182377
1.101992331352635  50.892913902070795
1.114752801148292  49.54444966830647
1.127661030220282  48.23038606367475
1.140718729540388  46.94988850547276
1.1539276298925105  45.70214131132821
1.167289482102084  44.48634731216215
1.1808060572681456  43.30172747185763
1.194479146998093  42.14752051355443
1.2083105636451603  41.02298255248959
1.2223021405486414  39.92738673530346
1.2364557322769005  38.86002288573017
1.2507732148731905  37.82019715659372
1.2652564861043205  36.807231688026924
1.2799074657122056  35.820464271835014
1.2947280956683227  34.859248021921914
1.3097203404311195  33.922951050700014
1.3248861872064004  33.01095615093482
1.3402276462107283  32.12266031423243
1.3557467509378769  31.257474200334038
1.371445558428368  30.41482223144505
1.3873261495421303  29.594142361617074
1.4033906292343146  28.794885783108548
1.4196411268343037  28.01651663838925
1.4360797963279521  27.25851173770033
1.4527088166430961  26.520360282084624
1.4695303919383662  25.801563591800516
1.4865467518953472  25.10163484003525
1.5037601520141202  24.420098791833293
1.5211728739122257  23.756491548156113
1.5387872256270907  23.110360294991086
1.5566055419219558  22.48126305742762
1.5746301845953454  21.86876845861924
1.592863542794123  21.272455483551806
1.6113080333301675  20.69191324753802
1.6299661010007211  20.126740769359902
1.648840218912444  19.5765467489815
1.6679328888092217  19.04094934889465
1.6872466414037686  18.519575921689317
1.706784036713071  18.012062771165933
1.726547664397715  17.518055045347573
1.746540144105143  17.03720654453219
1.7667641258168851  16.56917952370863
1.7872222901998112  16.113644499080916
1.807917348961451  15.67028005862719
1.8288520452094272  15.238772676621231
1.8500291538150513  14.8188165320445
1.8714514817811319  14.410113330818367
1.8931218686140356  14.012372131787027
1.9150431867000657  13.625309176382064
1.937218341686189  13.24864772190125
1.9596502728651808  12.882117878334574
1.982341953565221  12.5254564486718
2.005296391544007  12.17840677262657
2.0285166293874304  11.840718573713001
2.052005744912866  11.51214780961195
2.0757668515771335  11.192456525764523
2.0998030988891845  10.881412709673445
2.124117672827565  10.578789985042532
2.148713796262714  10.284367392943278
2.173594729384151  9.997929531028625
2.198763770132611  9.719266446114966
2.2242242546371838  9.448173502619289
2.249979557657512  9.184451253987778
2.2760330930311135  8.927905317053439
2.302388314125883  8.678346249260944
2.3290487142978282  8.43558942869843
2.356017827354116  8.199454936876963
2.383299228021468  7.969767444199495
2.410896532419994  7.74635609806223
2.4388133985424996  7.529054413532472
2.46705352673935  7.317700166548008
2.4956206602089495  7.112135289584125
2.524518585493897  6.912205769735448
2.553751132982887  6.717761549160801
2.5833221774184265  6.52865642784013
2.613235638410425  6.3447479685938095
2.643495480955735  6.165897403465385
2.6741057159637105  5.991969485851855
2.705070400787845  5.822832373903237
2.7363936397635737  5.658357638656103
2.768079584752293  5.498420187828989
2.8001324356916912  5.342898182259851
2.8325564411524415  5.191672954346087
2.865355898901347  5.044628928441621
2.8985351564710053  4.901653543166606
2.9320986117360692  4.762637175586193
2.966050713496179  4.62747306721573
3.0003959620656473  4.496057251810674
3.035138909869971  4.3682884849004635
3.0702841620492487  4.244068175026298
3.105836377068589  4.123300316643834
3.1418002673355834  4.005891424652438
3.178180599824933  3.8917504705136445
3.2149821967103023  3.7807888199221837
3.2522099360034975  3.6729201719936637
3.2898687522010372  3.568060499933951
3.3279636369382186  3.466127992863821
3.3664996396507503  3.367042979680085
3.4054818682440513  3.270727864352158
3.4449154897702963  3.177107104687884
3.484805731113308  3.086107162711389
3.5251578796813665  2.9976564531178096
3.5659772841080577  2.911685293007297
3.6072693549612245  2.828125852867805
3.6490395654601318  2.746912108776934
3.6912934522009375  2.6679797957936957
3.734036615890561  2.5912663625118184
3.777274722089052  2.5167109267467738
3.8210135019605524  2.4442542323293934
3.86525875303296  2.3738386069795294
3.910016339966377  2.305407921233858
3.955292195330474  2.2389075484024685
4.001092320390836  2.1742843255295012
4.047422785904433  2.111486515333641
4.094289732924285  2.0504637691048493
4.141699373613454  1.991167090534237
4.189657992068462  1.9335488005896004
4.238171945152237  1.8775625122386426
4.287247663336712  1.823163101371427
4.3368916515551765  1.7703066590985166
4.387110490064495  1.7189504586279356
4.437910835317318  1.6690529244323093
4.489299420844382  1.6205736021909063
4.541283058147039  1.573473129487964
4.593868637600105  1.5277132072491002
4.647063129365178  1.4832565718980049
4.7008735843145235  1.4400669682160498
4.755307134965658  1.398109122887823
4.810370996426762  1.3573487187159838
4.866072467353028  1.317752369489239
4.922418930914095  1.2792875954875829
4.979417855772672  1.2419227996093356
5.037076797074514  1.2056272441048375
5.095403397449835  1.170371027902052
5.154405388026337  1.1361250645096221
5.214090589453963  1.1028610604832967
5.274466912941512  1.0705514923658188
5.335542361305267  1.039169446521929
5.397325030029752  1.0086885314937872
5.459823108340785  0.9790830899332925
5.523044880290955  0.9503281994512822
5.586998725857651  0.9223996511314558
5.65169312205383  0.8952739286923916
5.717136644051636  0.8689281882773855
5.783337966319022  0.8433402388524749
5.850305863769547  0.8184885231936508
5.918049212925483  0.7943520994448957
5.986576993094382  0.7709106232292583
6.0558982875592795  0.7481443302957597
6.126022284782669  0.7260340196854914
6.19695827962443  0.7045610374007913
6.268715674573841  0.6837072605619036
6.341303980995878  0.6634550820360421
6.414732820391932  0.6437873955242467
6.489011925675131  0.6246875810919019
6.564151142460422  0.6061394911292411
6.640160430369603  0.5881274386215187
6.717049864351456  0.570636311258591
6.794829636017171  0.553651620008515
6.873510054991234  0.5371592755780327
6.9531015502779585  0.521145558368181
7.033614671643832  0.5055971095994987
7.1150600910158825  0.49050092262055206
7.19744860389623  0.4758443343970621
7.280791130793016  0.461615017178904
7.365098718667908  0.44780097034225913
7.4503825424003605  0.4343905124042042
7.536653906268832  0.4213722732070245
7.6239242454491585  0.4087351862695498
7.712205127530268  0.39646848130281764
7.801508254047459  0.3845616768873839
7.891845462033423  0.3730045733096061
7.983228725587226  0.36178724555424907
8.075670157461472  0.35090003645076173
8.169182010667825  0.3403335499706083
8.26377668010114  0.3300786446730401
8.359466704182386  0.3201264258871358
8.45626476652061  0.31046814467596856
8.554183697594128  0.301095146240081
8.65323647645119  0.2919990212165701
8.75343623243034  0.28317161313721534
8.854796246900706  0.27460501052281744
8.957329955022415  0.26629153923698545
9.061050947527416  0.25822375509042184
9.165972972520919  0.25039443668707756
9.272109937303691  0.24279657850386352
9.37947591021545  0.23542338419590167
9.48808512249961  0.22826826011958776
9.59795197018962  0.2213248090660187
9.70909101601713  0.21458682419760086
9.82151699134229  0.2080482831809128
9.935244798106357  0.20170334250914945
10.050289510806923  0.1955463320077036
10.16666637849605  0.18957174951667888
10.284390826801493  0.18377425574434153
10.403478459971362  0.17814866928573997
10.52394506294244  0.1726899623432036
10.645806603432467  0.1673932924983384
10.769079234056639  0.1622540155711571
10.89377929446862  0.1572676206797253
11.019923313526348  0.152429720901466
11.147528011482917  0.1477360500330645
11.27661030220282  0.14318245943000116
11.40718729540388  0.13876491492390775
11.539276298925104  0.1344794938159748
11.67289482102084  0.13032238194467702
11.808060572681457  0.12628987082611665
11.944791469980933  0.12237835486532282
12.083105636451604  0.11858432863687368
12.223021405486417  0.11490438423324897
12.364557322769008  0.11133520867934729
12.507732148731904  0.10787358141163844
12.65256486104321  0.10451637182045191
12.799074657122055  0.10126053685393425
12.947280956683224  0.09810311868223842
13.097203404311195  0.09504124242053909
13.248861872064003  0.09207211393772288
13.402276462107283  0.0891930195883621
13.557467509378768  0.08640132500152352
13.71445558428368  0.08369446987035209
13.873261495421303  0.08106996568526394
14.033906292343145  0.07852539382859447
14.196411268343034  0.07605840371625709
14.36079796327952  0.07366671098536519
14.52708816643096  0.07134809572679202
14.69530391938366  0.06910040076166231
14.865467518953471  0.06692152996078805
15.037601520141196  0.0648094466060805
15.211728739122256  0.06276217179298689
15.387872256270905  0.06077778287302392
15.566055419219557  0.058854411935490056
15.746301845953452  0.05699024432746514
15.92863542794123  0.05518351721121682
16.11308033330167  0.053432518158154606
16.299661010007213  0.05173558377848693
16.488402189124436  0.05009109838575606
16.679328888092222  0.04849749278604052
16.87246641403768  0.04695324909002816
17.06784036713071  0.04545690233659949
17.26547664397715  0.04400702915244127
17.46540144105143  0.04260224573769337
17.667641258168846  0.041241206878453285
17.872222901998114  0.03992260497939469
18.079173489614508  0.038645169116273644
18.288520452094275  0.037407664108089295
18.500291538150513  0.036208889608662975
18.71451481781132  0.03504767921739137
18.931218686140355  0.03392289960892949
19.15043186700066  0.03283344968155103
19.37218341686189  0.03177825972393418
19.596502728651814  0.030756290600115182
19.823419535652206  0.029766532952351
20.052963915440067  0.028808006421628656
20.28516629387431  0.02787975888555936
20.520057449128657  0.026980865713390798
20.757668515771336  0.026110429037872442
20.99803098889184  0.025267577020618128
21.24117672827565  0.024451461608245188
21.487137962627134  0.02366125712889454
21.735947293841512  0.022896162213378094
21.987637701326108  0.02215539936031475
22.24224254637184  0.021438214262600144
22.499795576575117  0.02074387515141903
22.76033093031114  0.020071672157398038
23.023883141258825  0.019420916688506578
23.29048714297829  0.018790940824317075
23.560178273541155  0.018181096726246838
23.832992280214686  0.017590756063406664
24.10896532419994  0.017019309453691404
24.388133985424997  0.016466165919752442
24.6705352673935  0.01593075235949978
24.9562066020895  0.01541251303078775
25.24518585493897  0.014910909049945126
25.537511329828877  0.0144254179038168
25.833221774184263  0.013955532974990914
26.132356384104256  0.013500763079891552
26.43495480955735  0.013060632049125177
26.741057159637098  0.012634680281879385
27.05070400787845  0.01222246524869196
27.363936397635733  0.011823557751773317
27.680795847522933  0.011437541250039587
28.001324356916907  0.011064011521822016
28.325564411524415  0.010702576334940688
28.65355898901346  0.01035285512405568
28.985351564710058  0.01001447867520458
29.32098611736069  0.00968708881743479
29.660507134961794  0.009370338121434965
30.00395962065647  0.009063889605069724
30.351389098699713  0.008767416445718835
30.702841620492478  0.008480601699321199
31.05836377068589  0.008203138026022237
31.41800267335583  0.007934727422322709
31.781805998249332  0.007675080959625062
32.14982196710302  0.007423918529073862
32.52209936003498  0.007180968592584928
32.89868752201037  0.006945967939958261
33.279636369382196  0.006718661462880844
33.664996396507505  0.00649880265545033
34.05481868244052  0.006286153729376434
34.44915489770297  0.006080484172418764
34.84805731113308  0.005881570434483809
35.25157879681367  0.005689195739119403
35.659772841080574  0.005503149899039982
36.07269354961225  0.005323229135649815
36.49039565460131  0.005149235902527908
36.91293452200937  0.004980978712836015
37.340366158905596  0.0048182719706091936
37.772747220890516  0.00466093580588548
38.210135019605524  0.004508795913629918
38.652587530329605  0.0043616833964061005
39.100163399663764  0.004219434610746758
39.55292195330474  0.004081891017173372
40.01092320390836  0.003948899033813822
40.47422785904434  0.003820309893565305
40.94289732924285  0.0036959795047493155
41.41699373613454  0.0035757683152040603
41.89657992068461  0.003459541132599095
42.38171945152237  0.0033471638326308434
42.87247663336712  0.00323850175651389
43.368916515551774  0.003133424866396658
43.87110490064495  0.0030318080573946437
44.37910835317319  0.002933530954732913
44.892994208443824  0.002838477719842002
45.4128305814704  0.0027465368649862384
45.93868637600105  0.00265760107602465
46.47063129365179  0.002571567042924231
47.008735843145224  0.0024883352976645856
47.55307134965657  0.002407810059190311
48.103709964267615  0.0023298990850848075
48.660724673530275  0.00225451352965504
49.22418930914095  0.0021815678081319703
49.79417855772672  0.0021109794667059094
50.37076797074514  0.0020426690581295827
50.95403397449834  0.001976560022634824
51.54405388026337  0.0019125785739209282
52.140905894539614  0.0018506535899845758
52.744669129415115  0.0017907165085618796
53.35542361305265  0.0017327012263039358
53.97325030029752  0.0016765440025356285
54.59823108340785  0.0016221833685160713
55.230448802909564  0.0015695600394870883
55.86998725857651  0.0015186168302830422
56.51693122053832  0.0014692985744528338
57.171366440516366  0.0014215520467383725
57.833379663190236  0.001375325888761012
58.503058637695474  0.0013305705377744423
59.18049212925485  0.0012872381583491808
59.86576993094382  0.0012452825768601045
60.558982875592804  0.001204659218654387
61.260222847826704  0.0011653250477829933
61.969582796244325  0.0011272385091841892
62.68715674573841  0.0010903594732127688
63.413039809958754  0.0010546491824135174
64.14732820391932  0.001020070200442137
64.89011925675128  0.000986586363041281
65.64151142460422  0.0009541627309835156
66.401604303696  0.0009227655629894776
67.17049864351456  0.0008923634850206738
67.9482963601717  0.0008629280111565487
68.73510054991235  0.0008344314757546723
69.53101550277957  0.0008068468286914695
70.33614671643832  0.0007801476312205743
71.15060091015881  0.00075430805127089
71.97448603896231  0.0007293028582238807
72.80791130793015  0.0007051074172083276
73.6509871866791  0.0006816976829492698
74.50382542400361  0.0006590501932065421
75.36653906268833  0.00063714206183682
76.23924245449157  0.0006159509715118564
77.1220512753027  0.0005954551661240674
78.0150825404746  0.0005756334429094387
78.91845462033426  0.0005564651443163029
79.83228725587227  0.0005379301496473074
80.75670157461474  0.0005200088665005761
81.69182010667825  0.0005026822220348962
82.63776680101141  0.0004859316540824439
83.59466704182385  0.00046973909324791633
84.56264766520609  0.0004540863585960978
85.54183697594128  0.00043895487346145353
86.53236476451187  0.0004243266518723961
87.5343623243034  0.0004101843699723936
88.54796246900705  0.00039651133976523163
89.57329955022415  0.00038329148397535866
90.61050947527413  0.0003705093119729594
91.65972972520919  0.0003581498967158257
92.72109937303689  0.00034619885266237667
93.7947591021545  0.00033464231461233414
94.88085122499608  0.0003234669174336372
95.97951970189618  0.0003126597766361321
97.0909101601713  0.0003022084697544241
98.21516991342294  0.0002921010185040531
99.35244798106355  0.0002823258716768497
100.50289510806927  0.0002728718887428801
101.6666637849605  0.0002637283241279757
102.84390826801496  0.00025488481213720583
104.0347845997136  0.00024633135249610015
105.23945062942443  0.00023805829979610263
106.45806603432467  0.00023005657211412048
107.69079234056642  0.0002223177403713362
108.9377929446862  0.00021483364440949158
110.19923313526353  0.00020759635107083332
111.47528011482918  0.0002005981491969229
112.76610302202819  0.0001938315446727613
114.0718729540388  0.00018728925551943958
115.39276298925103  0.0001809642070383051
116.7289482102084  0.00017484952700938335
118.08060572681454  0.00016893854094657837
119.44791469980933  0.00016322476741195775
120.831056364516  0.00015770191339121845
122.23021405486418  0.0001523638697322302
123.64557322769004  0.00014720470664837825
125.07732148731904  0.00014221866928821364
126.52564861043204  0.00013740017337279334
127.99074657122058  0.0001327438009018752
129.47280956683227  0.00012824429593001792
130.972034043112  0.00012389656041346644
132.48861872064003  0.00011969564609978511
134.02276462107287  0.00011563648077356658
135.57467509378768  0.00011171374061585125
137.14455584283684  0.00010792229834537018
138.73261495421303  0.00010425725588439962
140.3390629234315  0.00010071393283296353
141.96411268343033  9.728785556592105e-05
143.60797963279524  9.397474691641167e-05
145.2708816643096  9.077051641146284e-05
146.95303919383664  8.767125102770194e-05
148.65467518953471  8.467320643715807e-05
150.37601520141197  8.177279871499856e-05
152.11728739122248  7.896659648281911e-05
153.8787225627091  7.625131346274255e-05
155.66055419219558  7.362380141910848e-05
157.4630184595345  7.108104346597944e-05
159.28635427941222  6.862014772002075e-05
161.1308033330168  6.623834127956769e-05
162.9966101000721  6.393296451185813e-05
164.8840218912444  6.170146563151125e-05
166.79328888092212  5.95413991774122e-05
168.72466414037692  5.74506633823573e-05
170.6784036713071  5.542760482520338e-05
172.65476643977146  5.347060634244502e-05
174.65401441051424  5.157805004072387e-05
176.67641258168857  4.9748320467321285e-05
178.72222901998114  4.7979807562234345e-05
180.7917348961451  4.6270909398432165e-05
182.88520452094264  4.4620034717165737e-05
185.00291538150523  4.302560526543287e-05
187.1451481781132  4.1486057942873524e-05
189.31218686140355  3.999984676550098e-05
191.5043186700065  3.856544465376784e-05
193.721834168619  3.7181345052509e-05
195.9650272865181  3.5846063390323456e-05
198.23419535652206  3.4558138385930675e-05
200.52963915440066  3.3316133208997094e-05
202.85166293874298  3.21186365028433e-05
205.20057449128666  3.0964263276347714e-05
207.57668515771337  2.9851655672239253e-05
209.98030988891838  2.8779481026200307e-05
212.4117672827564  2.774625920440394e-05
214.87137962627145  2.6750285547228278e-05
217.3594729384151  2.5789922828224583e-05
219.87637701326108  2.4863624313268775e-05
222.4224254637183  2.3969928278412132e-05
224.99795576575127  2.310745288320841e-05
227.6033093031114  2.2274891373811765e-05
230.23883141258827  2.1471007592140914e-05
232.90487142978276  2.0694631769254477e-05
235.60178273541166  1.994465658277138e-05
238.32992280214685  1.9220033459731638e-05
241.0896532419994  1.8519769107722035e-05
243.88133985424986  1.7842922258413003e-05
246.7053526739351  1.7188600608862736e-05
249.562066020895  1.6555957947066584e-05
252.4518585493897  1.5944191449255864e-05
255.37511329828862  1.5352539137403986e-05
258.3322177418428  1.4780277486270943e-05
261.3235638410425  1.422671917012726e-05
264.3495480955735  1.3691213721190576e-05
267.41057159637097  1.3173330927200686e-05
270.5070400787844  1.2672939634036564e-05
273.6393639763574  1.2189891584964449e-05
276.8079584752293  1.172399522648407e-05
280.01324356916905  1.1275020392529987e-05
283.255644115244  1.0842702770533625e-05
286.53558989013476  1.0426748139697423e-05
289.8535156471006  1.0026836374923758e-05
293.2098611736069  9.642625212632054e-06
296.6050713496178  9.273753777197257e-06
300.03959620656485  8.919845868953886e-06
303.5138909869971  8.580513016648701e-06
307.02841620492484  8.255357298900747e-06
310.5836377068588  7.943973940658026e-06
314.18002673355846  7.645953691837659e-06
317.8180599824933  7.3608849963219194e-06
321.4982196710302  7.0883559602700545e-06
325.22099360034963  6.827956129315005e-06
328.9868752201039  6.579278084660371e-06
332.79636369382195  6.341915096893029e-06
336.649963965075  6.11521038147388e-06
340.54818682440504  5.898144754932155e-06
344.4915489770299  5.689760230608902e-06
348.48057311133084  5.48919282035552e-06
352.51578796813664  5.295664455797694e-06
356.5977284108057  5.108475946591234e-06
360.7269354961222  4.927000829522791e-06
364.90395654601326  4.7506799795475784e-06
369.12934522009374  4.5790168685153115e-06
373.403661589056  4.4115733698744435e-06
377.727472208905  4.2479660184602015e-06
382.1013501960554  4.0878626438995485e-06
386.525875303296  3.930979304500017e-06
391.0016339966377  3.7770774559744935e-06
395.52921953304724  3.625961296209458e-06
400.10923203908385  3.4774752336845877e-06
404.7422785904434  3.331501433253215e-06
409.42897329242845  3.1879573989147584e-06
414.16993736134526  3.046793559051272e-06
418.96579920684627  2.9079944224798944e-06
423.81719451522366  2.771813454836477e-06
428.72476633367114  2.6388600618827736e-06
433.68916515551746  2.5096807286997075e-06
438.7110490064497  2.384724242261873e-06
443.7910835317319  2.2643484232541773e-06
448.92994208443827  2.148827531434531e-06
454.1283058147038  2.0383600775872723e-06
459.3868637600107  1.933076810605405e-06
464.7063129365179  1.8330486843765481e-06
470.08735843145234  1.738294644544808e-06
475.5307134965657  1.648789108819816e-06
481.0370996426759  1.5644690455332497e-06
486.60724673530297  1.4852405831024176e-06
492.2418930914094  1.4109851076720514e-06
497.9417855772671  1.341564827383964e-06
503.7076797074511  1.2768277995355388e-06
509.5403397449836  1.2166124315115423e-06
515.4405388026337  1.1607514780753475e-06
521.4090589453962  1.1090755667040589e-06
527.4466912941509  1.0614147446735539e-06
533.5542361305268  1.0174986006779495e-06
539.7325030029752  9.769148978927158e-07
545.9823108340786  9.392831590686335e-07
552.3044880290953  9.042653990752377e-07
558.6998725857653  8.715605187349305e-07
565.1693122053832  8.408995602826979e-07
571.7136644051635  8.120416906410125e-07
578.333796631902  7.847708014103908e-07
585.0305863769551  7.588926329536803e-07
591.8049212925484  7.342323449951725e-07
598.6576993094382  7.106324684025295e-07
605.5898287559278  6.879511827848608e-07
612.6022284782673  6.660608726388666e-07
619.6958279624431  6.448469213459553e-07
626.8715674573841  6.242067076434731e-07
634.1303980995875  6.04048773493209e-07
641.4732820391928  5.842921357422822e-07
648.9011925675132  5.648657167790075e-07
656.4151142460422  5.45707871669205e-07
664.0160430369601  5.267664874267229e-07
671.7049864351452  5.080318091525798e-07
679.4829636017173  4.895508500650865e-07
687.3510054991235  4.7137064892698083e-07
695.3101550277956  4.535328784162837e-07
703.3614671643828  4.360740227796747e-07
711.5060091015885  4.190255883934982e-07
719.744860389623  4.024143410434313e-07
728.0791130793016  3.862625640952871e-07
736.5098718667907  3.705883321428242e-07
745.0382542400364  3.554057951680071e-07
753.6653906268834  3.4072546872174013e-07
762.3924245449158  3.2655452611632163e-07
771.2205127530266  3.1289708910424353e-07
780.1508254047463  2.997545139925062e-07
789.1845462033425  2.871256705999159e-07
798.3228725587226  2.7500721190088637e-07
807.5670157461469  2.633938326086057e-07
816.9182010667828  2.5227851532960015e-07
826.3776680101141  2.4165276326864737e-07
835.9466704182386  2.315067521601488e-07
845.6264766520609  2.2182511315520127e-07
855.4183697594123  2.125852879439322e-07
865.3236476451191  2.0376523588587134e-07
875.3436232430341  1.9534410817703957e-07
885.4796246900704  1.8730217867695022e-07
895.732995502241  1.7962077901024056e-07
906.1050947527417  1.722822376634576e-07
916.5972972520918  1.6526982281679513e-07
927.210993730369  1.5856768866837035e-07
937.9475910215446  1.5216082502522386e-07
948.8085122499614  1.4603500995058204e-07
959.7951970189619  1.4017676527120192e-07
970.909101601713  1.3457331476185979e-07
982.1516991342289  1.2921254483641403e-07
993.5244798106361  1.240829675862639e-07
1005.0289510806927  1.1917368601771475e-07
1016.6666378496051  1.144743613496412e-07
1028.439082680149  1.0997518224204517e-07
1040.3478459971368  1.0566683583468278e-07
1052.3945062942441  1.0154048261209787e-07
1064.5806603432468  9.758787249617382e-08
1076.9079234056637  9.380138173917846e-08
1089.3779294468627  9.0173749983842e-08
1101.9923313526353  8.669804116166963e-08
1114.7528011482918  8.336762890507093e-08
1127.6610302202819  8.017618261152043e-08
1140.7187295403874  7.711765413124041e-08
1153.9276298925108  7.418626505109191e-08
1167.2894821020839  7.137649454850722e-08
1180.8060572681452  6.868306779040073e-08
1194.4791469980928  6.610094485305121e-08
1208.3105636451608  6.362531013997144e-08
1222.3021405486415  6.125156227575519e-08
1236.4557322769003  5.897530445482962e-08
1250.7732148731898  5.679233522495008e-08
1265.2564861043213  5.469863968612586e-08
1279.9074657122057  5.26903810865096e-08
1294.7280956683226  5.076389279756748e-08
1309.720340431119  4.891567065162326e-08
1324.886187206401  4.714235601130523e-08
1340.2276462107284  4.5440086632555824e-08
1355.7467509378766  4.3804202985894706e-08
1371.4455584283676  4.2230322220066636e-08
1387.3261495421311  4.0714415399371144e-08
1403.390629234315  3.9252780249226055e-08
1419.6411268343036  3.784201640564723e-08
1436.0797963279517  3.647900289729866e-08
1452.7088166430967  3.516087761731789e-08
1469.5303919383664  3.38850185674551e-08
