0.0014865467518953472  5441.373106967595
0.001871451481781132  6669.80295691784
0.0023560178273541164  8128.511037808564
0.002966050713496178  9832.550869754708
0.00373403661589056  11781.21144384724
0.0047008735843145225  13947.999032101767
0.005918049212925484  16267.957950975024
0.007450382542400364  18625.127680576243
0.009379475910215446  20835.292269422236
0.011808060572681455  22634.73840550276
0.014865467518953472  23682.209525797043
0.01871451481781132  23599.10819559481
0.023560178273541156  22097.438321229816
0.029660507134961794  19228.020868570642
0.0373403661589056  15660.01805926848
0.04700873584314522  12536.090861339148
0.05918049212925485  10520.615267887182
0.0745038254240036  8661.739528443688
0.0937947591021545  5926.47797771435
0.11808060572681454  4263.509825462317
0.14865467518953474  3067.027375496773
0.18714514817811317  2058.7004167292243
0.23560178273541155  1316.7389652259533
0.29660507134961794  857.9928974635188
0.3734036615890561  546.6366577490033
0.4700873584314523  340.46991069460364
0.5918049212925482  207.42021734155793
0.7450382542400361  124.61137851544561
0.9379475910215449  73.88937424347979
1.1808060572681456  43.29126766227111
1.4865467518953472  25.090579896224696
1.8714514817811319  14.399298175056188
2.356017827354116  8.188709061605635
2.966050713496179  4.616825900830842
3.734036615890561  2.5811132739510576
4.7008735843145235  1.4305515368834123
5.918049212925483  0.7850950448657837
7.4503825424003605  0.42573879757865296
9.37947591021545  0.2272291400443365
11.808060572681457  0.11853929995049241
14.865467518953471  0.05971841511902528
18.71451481781132  0.028563591639386866
23.560178273541155  0.012591297811578717
29.660507134961794  0.004904951836353265
37.340366158905596  0.001607972592492161
47.008735843145224  0.00041262985718403547
59.18049212925485  7.773704229174693e-05
74.50382542400361  6.763572479437688e-06
93.7947591021545  5.5979336943293e-07
118.08060572681454  2.1326862240779862e-07
