0.0014865467518953472  323.0642075420166
0.001871451481781132  396.1579624453211
0.0023560178273541164  482.92512677011933
0.002966050713496178  584.2703630854944
0.00373403661589056  700.145952189028
0.0047008735843145225  828.9800778797061
0.005918049212925484  966.9335645706522
0.007450382542400364  1107.063220233953
0.009379475910215446  1238.4355176639654
0.011808060572681455  1345.4210225582312
0.014865467518953472  1407.7286822576334
0.01871451481781132  1402.835049625459
0.023560178273541156  1313.5613570433889
0.029660507134961794  1143.1148047024017
0.0373403661589056  931.0360367211354
0.04700873584314522  745.1808132524238
0.05918049212925485  625.3950748127895
0.0745038254240036  514.8864575885024
0.0937947591021545  352.28551500189457
0.11808060572681454  253.43351251684217
0.14865467518953474  182.2990093646738
0.18714514817811317  122.35969862531343
0.23560178273541155  78.25300460249208
0.29660507134961794  50.98141533172648
0.3734036615890561  32.47124865437238
0.4700873584314523  20.214103045779325
0.5918049212925482  12.3030409162181
0.7450382542400361  7.379371865212607
0.9379475910215449  4.362823346048566
1.1808060572681456  2.543400618246329
1.4865467518953472  1.4613738011174675
1.8714514817811319  0.8262196273991325
2.356017827354116  0.4579579548284908
2.966050713496179  0.2471608577468104
3.734036615890561  0.12835748972148067
4.7008735843145235  0.06292596924926959
5.918049212925483  0.028264952593766338
7.4503825424003605  0.011137997689325706
9.37947591021545  0.0036426714252034103
11.808060572681457  0.0009122000412310587
14.865467518953471  0.00016371427037226814
