0.0014865467518953472  5441.3366248529155
0.0015037601520141196  5497.630886424903
0.0015211728739122248  5554.445824470467
0.001538787225627091  5611.784700016251
0.0015566055419219558  5669.650763886135
0.0015746301845953451  5728.047255967311
0.0015928635427941223  5786.977404464435
0.0016113080333301677  5846.444425141817
0.0016299661010007213  5906.4515205536645
0.0016488402189124439  5967.001879262243
0.0016679328888092211  6028.098672532744
0.001687246641403769  6089.74495805014
0.0017067840367130712  6151.943644961449
0.0017265476643977145  6214.6976071545405
0.001746540144105142  6278.009690456367
0.0017667641258168859  6341.882711559367
0.0017872222901998112  6406.319456933868
0.001807917348961451  6471.322681725774
0.0018288520452094266  6536.8951086401075
0.0018500291538150523  6603.039426809919
0.001871451481781132  6669.758290651175
0.0018931218686140353  6737.054318703159
0.001915043186700065  6804.930092454821
0.00193721834168619  6873.3881551568775
0.0019596502728651817  6942.431010619945
0.001982341953565221  7012.06112199852
0.0020052963915440066  7082.280910561272
0.00202851662938743  7153.092754447287
0.0020520057449128666  7224.498987408713
0.0020757668515771336  7296.50189753977
0.002099803098889184  7369.103722712897
0.002124117672827564  7442.306524650039
0.0021487137962627146  7516.112143246396
0.0021735947293841508  7590.522344377423
0.0021987637701326107  7665.538829095371
0.0022242242546371828  7741.163232026534
0.0022499795576575127  7817.39711975455
0.002276033093031114  7894.241989190005
0.0023023883141258827  7971.699265926356
0.0023290487142978277  8049.770302582809
0.0023560178273541164  8128.456377134043
0.0023832992280214686  8207.758691227498
0.002410896532419994  8287.678368488248
0.0024388133985424987  8368.216452812136
0.002467053526739351  8449.373906646912
0.00249562066020895  8531.151609262528
0.0025245185854938968  8613.550355010382
0.0025537511329828864  8696.57085157211
0.002583322177418428  8780.213718198267
0.0026132356384104254  8864.479483937557
0.002643495480955735  8949.368581435212
0.0026741057159637097  9034.881177174952
0.0027050704007878443  9121.017110236784
0.0027363936397635743  9207.776091791817
0.002768079584752293  9295.157717550142
0.0028001324356916905  9383.161465656232
0.00283255644115244  9471.786694578388
0.002865355898901348  9561.032640992758
0.002898535156471006  9650.89841766333
0.0029320986117360687  9741.383011318287
0.002966050713496178  9832.485280523426
0.0030003959620656484  9924.20395355333
0.0030351389098699716  10016.537626261957
0.0030702841620492485  10109.484759952107
0.003105836377068587  10203.043679245966
0.0031418002673355844  10297.212569956679
0.0031781805998249333  10391.989476962302
0.003214982196710302  10487.372302083035
0.0032522099360034968  10583.358801962519
0.003289868752201039  10679.94658595408
0.003327963636938219  10777.133107325204
0.0033664996396507506  10874.915407214039
0.00340548186824405  10973.290023333297
0.0034449154897702983  11072.25329281455
0.0034848057311133085  11171.80137181278
0.003525157879681367  11271.930233112216
0.003565977284108057  11372.63566374917
0.0036072693549612225  11473.91326265353
0.003649039565460133  11575.7584383101
0.003691293452200937  11678.166406441855
0.00373403661589056  11781.132187715839
0.0037772747220890497  11884.65060547442
0.003821013501960554  11988.716283492196
0.00386525875303296  12093.323643761454
0.003910016339966377  12198.466904306964
0.003955292195330472  12304.140077032083
0.004001092320390838  12410.336965597962
0.004047422785904434  12517.051163337595
0.004094289732924285  12624.276051206047
0.004141699373613452  12732.004795769442
0.004189657992068463  12840.230336952302
0.0042381719451522375  12948.944996002298
0.004287247663336711  13058.140337860264
0.004336891651555175  13167.807638889948
0.004387110490064496  13277.937918603819
0.0044379108353173186  13388.521937589758
0.004489299420844383  13499.550195502978
0.0045412830581470385  13611.012929125158
0.004593868637600107  13722.90011049395
0.004647063129365179  13835.201445104776
0.0047008735843145225  13947.906370188415
0.004755307134965657  14061.004053066132
0.00481037099642676  14174.483389585535
0.0048660724673530295  14288.333002640084
0.004922418930914094  14402.541240773959
0.004979417855772671  14517.096176876224
0.005037076797074512  14631.985606965938
0.005095403397449836  14747.197049071521
0.005154405388026337  14862.717742207147
0.0052140905894539616  14978.534645448486
0.005274466912941509  15094.63442612834
0.005335542361305267  15211.003042766954
0.005397325030029752  15327.625601304373
0.005459823108340785  15444.486857278685
0.005523044880290953  15561.571251489946
0.005586998725857653  15678.862909603382
0.0056516931220538325  15796.34564189287
0.005717136644051636  15914.002943127898
0.005783337966319021  16031.817992607357
0.00585030586376955  16149.77365434358
0.005918049212925484  16267.852477399922
0.005986576993094382  16386.036696385276
0.006055898287559278  16504.308232108684
0.006126022284782673  16622.64869239757
0.006196958279624432  16741.039373081992
0.0062687156745738415  16859.461259149444
0.006341303980995877  16977.895026071834
0.006414732820391928  17096.321041309136
0.006489011925675132  17214.7193659914
0.006564151142460422  17333.0697567829
0.006640160430369601  17451.35163186972
0.006717049864351452  17569.54270748855
0.0067948296360171734  17687.618537740127
0.006873510054991234  17805.554172166114
0.006953101550277957  17923.324277856784
0.007033614671643828  18040.903142882133
0.007115060091015884  18158.26468001808
0.007197448603896231  18275.382430771733
0.007280791130793015  18392.22956971122
0.007365098718667907  18508.77890910357
0.007450382542400364  18625.00290386467
0.007536653906268834  18740.873656825832
0.007623924245449157  18856.36292432045
0.007712205127530266  18971.44212209414
0.007801508254047463  19086.082331541904
0.007891845462033425  19200.254306275787
0.007983228725587226  19313.928479025868
0.00807567015746147  19427.07496887678
0.008169182010667828  19539.663588843414
0.00826377668010114  19651.663853787213
0.008359466704182385  19763.044950903077
0.008456264766520609  19873.77431971642
0.008554183697594123  19983.817186232176
0.008653236476451191  20093.138311356855
0.00875343623243034  20201.7021266559
0.008854796246900703  20309.472745828236
0.00895732995502241  20416.413976652933
0.009061050947527417  20522.489333410267
0.00916597297252092  20627.662049778024
0.009272109937303688  20731.895092203886
0.009379475910215446  20835.15117375425
0.009488085122499613  20937.392768439517
0.009597951970189618  21038.582126014848
0.00970909101601713  21138.681287255622
0.009821516991342288  21237.65209970547
0.009935244798106362  21335.456233895435
0.010050289510806925  21432.055200030485
0.01016666637849605  21527.4103651411
0.010284390826801491  21621.482970695615
0.010403478459971367  21714.234150668442
0.010523945062942443  21805.62486529267
0.010645806603432466  21895.612719328616
0.010769079234056636  21984.150943493773
0.010893779294468626  22071.192332959785
0.011019923313526352  22156.689553576158
0.011147528011482917  22240.595168450287
0.01127661030220282  22322.8616652479
0.011407187295403874  22403.441484204952
0.011539276298925108  22482.287046840233
0.01167289482102084  22559.35078535659
0.011808060572681455  22634.58517271693
0.011944791469980927  22707.942753381158
0.012083105636451605  22779.376174688467
0.012223021405486418  22848.838218866873
0.012364557322769004  22916.281835653375
0.012507732148731897  22981.66017550374
0.01265256486104321  23044.926623371783
0.012799074657122057  23106.034833036098
0.012947280956683224  23164.93876195014
0.01309720340431119  23221.592706591775
0.01324886187206401  23275.951247098863
0.013402276462107284  23327.965847809093
0.013557467509378768  23377.58381528828
0.013714455584283677  23424.752572283032
0.013873261495421311  23469.42000643167
0.014033906292343148  23511.534517473123
0.014196411268343034  23551.045065080383
0.014360797963279518  23587.90121727443
0.014527088166430968  23622.053199373862
0.014695303919383665  23653.451943432043
0.014865467518953472  23682.049138111906
0.015037601520141197  23707.797278947033
0.015211728739122257  23730.64971893452
0.015387872256270902  23750.560719404166
0.015566055419219557  23767.485501105723
0.01574630184595345  23781.38029545483
0.01592863542794123  23792.20239587555
0.01611308033330167  23799.910209175792
0.01629966101000721  23804.463306891415
0.016488402189124438  23805.82247653027
0.016679328888092218  23803.94970456488
0.016872466414037685  23798.805669099736
0.017067840367130712  23790.34902153815
0.017265476643977148  23778.5396203611
0.01746540144105143  23763.338815992865
0.01766764125816885  23744.709509153003
0.017872222901998115  23722.61620876292
0.01807917348961451  23697.025089313687
0.018288520452094274  23667.90404759984
0.018500291538150512  23635.22275872378
0.01871451481781132  23598.952731272602
0.018931218686140356  23559.06736156834
0.019150431867000658  23515.541986893062
0.01937218341686189  23468.353937587242
0.019596502728651814  23417.482587920527
0.01982341953565221  23362.909405633327
0.020052963915440068  23304.618000047896
0.020285166293874307  23242.594168645497
0.020520057449128656  23176.825942009596
0.020757668515771335  23107.303627032965
0.02099803098889184  23034.020020182787
0.021241176728275652  22956.976882728537
0.021487137962627134  22876.1868024211
0.02173594729384151  22791.665128916287
0.021987637701326106  22703.42940815651
0.02224224254637184  22611.499387368378
0.022499795576575117  22515.89701787978
0.02276033093031114  22416.646455725793
0.023023883141258826  22313.774060013573
0.023290487142978288  22207.30838901863
0.023560178273541156  22097.280193991282
0.023832992280214686  21983.722410650735
0.02410896532419994  21866.670148351208
0.024388133985425  21746.160676905685
0.0246705352673935  21622.23341105719
0.024956206602089505  21494.929892590204
0.02524518585493897  21364.293770080036
0.02553751132982888  21230.370776278327
0.025833221774184265  21093.208703140823
0.026132356384104254  20952.857374503215
0.026434954809557352  20809.369439544644
0.026741057159637094  20662.830954866597
0.027050704007878457  20513.369371311248
0.02736393639763573  20361.11452026264
0.02768079584752293  20206.19573504406
0.028001324356916903  20048.7417161434
0.028325564411524416  19888.88040127819
0.028653558989013464  19726.73884038241
0.02898535156471006  19562.44307558293
0.02932098611736069  19396.118026220312
0.029660507134961794  19227.887378956028
0.030003959620656474  19057.873482994644
0.03035138909869971  18886.197250438985
0.030702841620492482  18712.978061782702
0.03105836377068589  18538.333676534992
0.03141800267335583  18362.38014896053
0.031781805998249334  18185.231748907856
0.03214982196710302  18007.000887689013
0.03252209936003498  17827.798048964913
0.032898687522010375  17647.73172458119
0.03327963636938219  17466.910177769103
0.0336649963965075  17285.493753659295
0.034054818682440514  17103.700110378362
0.03444915489770296  16921.743086224575
0.034848057311133086  16739.829122079707
0.03525157879681367  16558.15723976661
0.035659772841080566  16376.91904411758
0.03607269354961224  16196.298747437688
0.036490395654601306  16016.473215049744
0.036912934522009375  15837.612030612663
0.0373403661589056  15659.877579920618
0.03777274722089052  15483.42515190969
0.03821013501960552  15308.403055622279
0.0386525875303296  15134.95275191064
0.03910016339966377  14963.208998693939
0.039552921953304745  14793.300008620437
0.04001092320390836  14625.347618028612
0.040474227859044344  14459.467466142967
0.04094289732924285  14295.76918348875
0.04141699373613454  14134.35688121929
0.04189657992068461  13975.333334897465
0.042381719451522366  13818.798957733516
0.042872476633367115  13664.848721994767
0.04336891651555177  13513.572310502454
0.04387110490064495  13365.054358109499
0.044379108353173186  13219.374697514362
0.04489299420844382  13076.608608729739
0.0454128305814704  12936.827071586022
0.04593868637600105  12800.097020712246
0.046470631293651796  12666.481602497779
0.04700873584314522  12536.040433600287
0.04755307134965657  12408.829860624479
0.04810370996426762  12284.90234596722
0.048660724673530276  12164.256021207288
0.04922418930914095  12046.809518501801
0.049794178557726713  11932.477408911505
0.05037076797074514  11821.177072375496
0.05095403397449833  11712.828592927684
0.05154405388026337  11607.354658161861
0.05214090589453961  11504.680462756292
0.052744669129415125  11404.733615877667
0.05335542361305265  11307.430616246662
0.053973250300297516  11212.605849814066
0.054598231083407854  11120.066099391861
0.05523044880290956  11029.624236982007
0.05586998725857651  10941.098986713494
0.056516931220538316  10854.314638317033
0.057171366440516354  10769.099379826435
0.057833379663190236  10685.240506557273
0.058503058637695476  10602.476730370348
0.05918049212925485  10520.551334887254
0.05986576993094382  10439.215287877936
0.06055898287559281  10358.227071262196
0.0612602228478267  10277.338343581296
0.061969582796244316  10196.26365565079
0.06268715674573841  10114.717966402959
0.06341303980995876  10032.425854229445
0.06414732820391933  9949.121269486996
0.06489011925675128  9864.52862112292
0.06564151142460421  9778.355845890183
0.066401604303696  9690.32123237933
0.06717049864351456  9600.156096674189
0.06794829636017169  9507.614489904545
0.06873510054991235  9412.49240486278
0.06953101550277957  9314.604656593914
0.07033614671643831  9213.779938647953
0.0711506009101588  9109.871905746675
0.07197448603896231  9002.779033422883
0.07280791130793016  8892.419036811069
0.0736509871866791  8778.724458813826
0.0745038254240036  8661.681990507903
0.07536653906268834  8541.348697884836
0.07623924245449158  8417.795816380023
0.0771220512753027  8291.10759811662
0.0780150825404746  8161.406967345308
0.07891845462033426  8028.837996645163
0.07983228725587227  7893.552039004709
0.08075670157461474  7755.797671949557
0.08169182010667825  7615.965135189629
0.08263776680101141  7474.4441444878785
0.08359466704182386  7331.621889875932
0.08456264766520608  7187.919505043141
0.08554183697594128  7043.749741690678
0.08653236476451186  6899.510651247166
0.08753436232430341  6755.649592702622
0.08854796246900704  6612.62223026927
0.08957329955022415  6470.856875581859
0.09061050947527413  6330.845506778717
0.0916597297252092  6193.121312760728
0.0927210993730369  6058.173438370795
0.0937947591021545  5926.443193048419
0.09488085122499607  5798.32628140728
0.0959795197018962  5674.179466988206
0.09709091016017131  5554.333244848419
0.09821516991342295  5439.098094578837
0.09935244798106356  5328.753414309757
0.10050289510806926  5223.512677787971
0.1016666637849605  5123.509768980719
0.10284390826801496  5028.858849795889
0.10403478459971362  4939.604892360475
0.10523945062942441  4855.699316034862
0.10645806603432467  4777.087854549762
0.10769079234056642  4703.633284756722
0.10893779294468621  4635.084650993051
0.11019923313526353  4571.196772153152
0.11147528011482917  4511.647040897611
0.11276610302202819  4456.01645985406
0.11407187295403881  4403.898695684851
0.11539276298925102  4354.809789979887
0.11672894821020839  4308.187431843545
0.11808060572681454  4263.486136862209
0.11944791469980932  4220.122457941413
0.12083105636451599  4177.486715916818
0.12223021405486417  4134.987445970521
0.12364557322769004  4092.0067344220183
0.12507732148731907  4047.92139913934
0.12652564861043203  4002.1439233820693
0.1279907465712206  3954.17428238073
0.12947280956683224  3903.569211173589
0.13097203404311197  3849.945717432727
0.13248861872064005  3793.10203737361
0.13402276462107285  3732.912498920579
0.13557467509378768  3669.315663344416
0.13714455584283683  3602.410609261217
0.13873261495421302  3532.3429951821213
0.14033906292343148  3459.346197338306
0.14196411268343034  3383.841596903677
0.14360797963279523  3306.2673173979565
0.1452708816643096  3227.1536636764436
0.14695303919383665  3147.1841815643365
0.14865467518953474  3067.0119997573
0.150376015201412  2987.320632238435
0.15211728739122257  2908.8288678860736
0.15387872256270907  2832.1912175096973
0.15566055419219557  2758.026218653359
0.15746301845953456  2686.911381808359
0.15928635427941232  2619.3511575024268
0.16113080333301674  2555.7034360355383
0.1629966101000721  2496.236190926383
0.16488402189124443  2441.1581790903488
0.1667932888809222  2390.4708873718228
0.16872466414037687  2344.1066022020236
0.17067840367130713  2301.937835357923
0.17265476643977148  2263.576672981178
0.17465401441051426  2228.598572400002
0.17667641258168848  2196.5451518870277
0.1787222290199811  2166.816561256598
0.18079173489614508  2138.819533746062
0.1828852045209427  2111.9305572890876
0.18500291538150512  2085.448194720404
0.18714514817811317  2058.69473654308
0.18931218686140355  2031.0372757349182
0.19150431867000653  2001.89098515756
0.1937218341686189  1970.7228954149443
0.19596502728651807  1937.2465789772273
0.1982341953565221  1901.377265112803
0.20052963915440072  1863.0843687602905
0.20285166293874307  1822.6010455424353
0.20520057449128662  1780.2971765064094
0.20757668515771335  1736.5672836993772
0.20998030988891847  1692.0078517031286
0.21241176728275651  1647.2526042540328
0.2148713796262714  1602.893246228124
0.2173594729384151  1559.5215898769823
0.21987637701326115  1517.681118923485
0.22242242546371838  1477.826711475891
0.22499795576575118  1440.2880190690491
0.2276033093031114  1405.3451242266829
0.23023883141258825  1373.1437664448779
0.2329048714297828  1343.6322147659941
0.23560178273541155  1316.7406612952827
0.23832992280214677  1292.227640396262
0.24108965324199938  1269.656627634294
0.24388133985424992  1248.6040344971882
0.24670535267393498  1228.5617801661388
0.24956206602089495  1208.9599720122753
0.2524518585493897  1189.269079580765
0.2553751132982887  1169.071242881929
0.2583322177418427  1148.0227101989547
0.2613235638410425  1125.8442942598444
0.26434954809557354  1102.5041735342743
0.26741057159637105  1078.066877723811
0.27050704007878457  1052.6528629111062
0.27363936397635735  1026.5889592819121
0.2768079584752293  1000.2320964251821
0.2800132435691691  973.959821989432
0.2832556441152442  948.2512529765601
0.2865355898901347  923.5588489277511
0.2898535156471006  900.2041337404539
0.293209861173607  878.3181621184112
0.29660507134961794  857.9974029087662
0.3000395962065648  839.2000142862972
0.30351389098699716  821.7151644309885
0.3070284162049248  805.3332537867672
0.3105836377068588  789.7730463193375
0.31418002673355827  774.6883672098384
0.31781805998249324  759.7573590368374
0.3214982196710302  744.7177681482348
0.3252209936003497  729.3541344371031
0.3289868752201037  713.4923086674717
0.3327963636938219  697.1745814154602
0.336649963965075  680.5517458771112
0.3405481868244051  663.7775937304883
0.3444915489770297  647.0759739103711
0.3484805731113308  630.684762385839
0.35251578796813665  614.811928033602
0.3565977284108058  599.6081015237621
0.36072693549612245  585.1959898199249
0.36490395654601315  571.6463980305317
0.3691293452200937  558.8465522322355
0.3734036615890561  546.6431979107713
0.37772747220890524  534.8861383407035
0.3821013501960553  523.399993051362
0.38652587530329596  512.0143567960762
0.39100163399663773  500.5981607737029
0.39552921953304737  489.12751452802434
0.4001092320390837  477.60448012200953
0.4047422785904434  466.0543889883562
0.4094289732924285  454.59072512321717
0.41416993736134533  443.33918726637586
0.4189657992068461  432.40436072909466
0.42381719451522365  421.8379497293809
0.4287247663336711  411.6735470481526
0.4336891651555176  401.9304166552917
0.43871104900644947  392.559108066253
0.44379108353173174  383.4880639913643
0.44892994208443826  374.6511928658095
0.4541283058147039  365.9843883359909
0.45938686376001053  357.4269828867184
0.4647063129365178  348.9256711984684
0.4700873584314523  340.48012176299216
0.47553071349656584  332.14011994933236
0.4810370996426762  323.9532153895999
0.48660724673530287  315.9598219253913
0.4922418930914094  308.1905379712784
0.49794178557726726  300.67183612586587
0.5037076797074515  293.42022940161206
0.5095403397449835  286.3999613210461
0.5154405388026336  279.5561623850748
0.5214090589453962  272.8388794604616
0.5274466912941511  266.22199571541245
0.5335542361305265  259.7137632991161
0.5397325030029752  253.32460962596855
0.5459823108340787  247.06406888665114
0.5523044880290956  240.94306984885844
0.5586998725857651  234.97286777460485
0.5651693122053831  229.1634020997558
0.5717136644051637  223.5204933908768
0.5783337966319022  218.03070286824297
0.5850305863769547  212.67432664129623
0.5918049212925482  207.43327487957438
0.5986576993094382  202.29293243056912
0.605589828755928  197.25460199186347
0.6126022284782671  192.32602626355998
0.619695827962443  187.51407493717113
0.626871567457384  182.82458562647815
0.6341303980995878  178.2570936999917
0.6414732820391932  173.80445728650795
0.648901192567513  169.45963286602785
0.6564151142460422  165.21606472423056
0.6640160430369603  161.06793942479845
0.6717049864351455  157.0131136783422
0.679482963601717  153.0515896430385
0.6873510054991234  149.18324969140428
0.6953101550277957  145.40782769578237
0.7033614671643831  141.72490781169293
0.7115060091015881  138.13315107234342
0.7197448603896229  134.6299084961411
0.7280791130793016  131.21251302643674
0.736509871866791  127.87840252986994
0.7450382542400361  124.62511528040748
0.7536653906268833  121.45028576836279
0.7623924245449158  118.35177926198541
0.7712205127530268  115.32793211817469
0.7801508254047459  112.37718166679747
0.7891845462033423  109.49798792307061
0.7983228725587226  106.6888336771205
0.8075670157461472  103.94822456142457
0.8169182010667825  101.27468909704416
0.8263776680101139  98.66677644881977
0.8359466704182386  96.12301688517461
0.8456264766520611  93.64193145361116
0.8554183697594128  91.22207088879523
0.8653236476451189  88.86201645559252
0.8753436232430339  86.56037939688079
0.8854796246900706  84.31580038860986
0.8957329955022414  82.12694900210383
0.9061050947527415  79.99252317358682
0.9165972972520919  77.91124868092052
0.9272109937303691  75.88187831490835
0.9379475910215449  73.90318878109586
0.9488085122499609  71.973981839067
0.9597951970189618  70.09308553452321
0.9709091016017131  68.25935369993235
0.9821516991342293  66.47166544477065
0.9935244798106357  64.7289246541946
1.0050289510806922  63.03005949604532
1.016666637849605  61.37402193609511
1.0284390826801495  59.75978726144395
1.0403478459971363  58.186353611970716
1.052394506294244  56.652741519747764
1.0645806603432468  55.157993456322856
1.0769079234056638  53.70117338888137
1.089377929446862  52.28136674583392
1.101992331352635  50.89768052247399
1.114752801148292  49.549241922037126
1.127661030220282  48.23519778781552
1.140718729540388  46.95471420545919
1.1539276298925105  45.70697611200854
1.167289482102084  44.491186911583675
1.1808060572681456  43.30656809765602
1.194479146998093  42.15235888182608
1.2083105636451603  41.027815829032846
1.2223021405486414  39.93221249911819
1.2364557322769005  38.86483909467002
1.2507732148731905  37.82500211506896
1.2652564861043205  36.812024016660445
1.2799074657122056  35.82524287897734
1.2947280956683227  34.86401207693524
1.3097203404311195  33.9276999589248
1.3248861872064004  33.0156895303264
1.3402276462107283  32.12737799906474
1.3557467509378769  31.262176280163334
1.371445558428368  30.41950903199034
1.3873261495421303  29.598814417264812
1.4033906292343146  28.799543811294804
1.4196411268343037  28.021161515761715
1.4360797963279521  27.263144477968417
1.4527088166430961  26.524982015467504
1.4695303919383662  25.80617554598954
1.4865467518953472  25.10623832258829
1.5037601520141202  24.42469517392406
1.5211728739122257  23.761082249603508
1.5387872256270907  23.114946770497788
1.5566055419219558  22.485846783960117
1.5746301845953454  21.873350923864145
1.592863542794123  21.277038175386608
1.6113080333301675  20.696497644457377
1.6299661010007211  20.131328331800987
1.648840218912444  19.581138911494303
1.6679328888092217  19.0455475113839
1.6872466414037686  18.524181323099484
1.706784036713071  18.016676304053448
1.726547664397715  17.522677266985223
1.746540144105143  17.041837705906325
1.7667641258168851  16.573819596821952
1.7872222901998112  16.11829320264037
1.807917348961451  15.674936882193624
1.8288520452094272  15.243436903293688
1.8500291538150513  14.823487259750014
1.8714514817811319  14.414789492274423
1.8931218686140356  14.017052513201468
1.9150431867000657  13.629992434952646
1.937218341686189  13.253332402174143
1.9596502728651808  12.886802427478983
1.982341953565221  12.53013923072527
2.005296391544007  12.18308608176327
2.0285166293874304  11.845392646585156
2.052005744912866  11.51681483681229
2.0757668515771335  11.197114662455785
2.0998030988891845  10.886060087178517
2.124117672827565  10.583424839643952
2.148713796262714  10.288988252155692
2.173594729384151  10.002535204667824
2.198763770132611  9.723855999830397
2.2242242546371838  9.452746233155514
2.249979557657512  9.189006666085001
2.2760330930311135  8.9324431019006
2.302388314125883  8.682866264419042
2.3290487142978282  8.440091679415525
2.356017827354116  8.203939558719506
2.383299228021468  7.974234686928384
2.410896532419994  7.750806310685142
2.4388133985424996  7.5334880304670975
2.46705352673935  7.322117694833969
2.4956206602089495  7.116537297084167
2.524518585493897  6.916592874269314
2.553751132982887  6.722134408517865
2.5833221774184265  6.5330157306194225
2.613235638410425  6.349094425822531
2.643495480955735  6.170231741196298
2.6741057159637105  5.996292455087175
2.705070400787845  5.82714476932893
2.7363936397635737  5.662660290508558
2.768079584752293  5.502713951952832
2.8001324356916912  5.347183931034974
2.8325564411524415  5.195951568431146
2.865355898901347  5.048901289283955
2.8985351564710053  4.905920526230894
2.9320986117360692  4.766899644256663
2.966050713496179  4.631731867328899
3.0003959620656473  4.500313206777871
3.035138909869971  4.372542391381355
3.0702841620492487  4.2483207991167395
3.105836377068589  4.127552390543176
3.1418002673355834  4.010143643777332
3.178180599824933  3.8960034910270616
3.2149821967103023  3.785043256648006
3.2522099360034975  3.6771765966889114
3.2898687522010372  3.572319439892066
3.3279636369382186  3.47038992960798
3.3664996396507503  3.3713083333864415
3.4054818682440513  3.274996971412289
3.4449154897702963  3.181380219553079
3.484805731113308  3.0903844620281458
3.5251578796813665  3.0019380397614848
3.5659772841080577  2.915971200012903
3.6072693549612245  2.8324160472573263
3.6490395654601318  2.7512064952826947
3.6912934522009375  2.6722782204775886
3.734036615890561  2.5955686162803637
3.777274722089052  2.521016748762202
3.8210135019605524  2.4485633133171167
3.86525875303296  2.378150592432528
3.910016339966377  2.309722414514659
3.955292195330474  2.243224113743538
4.001092320390836  2.1786024909329984
4.047422785904433  2.1158057753716166
4.094289732924285  2.0547835876210425
4.141699373613454  1.995486903248756
4.189657992068462  1.937868016642682
4.238171945152237  1.881880450656364
4.287247663336712  1.827478895788304
4.3368916515551765  1.77461926986953
4.387110490064495  1.7232586940752843
4.437910835317318  1.6733554606200873
4.489299420844382  1.6248690013071876
4.541283058147039  1.5777598569100857
4.593868637600105  1.531989647364391
4.647063129365178  1.4875210427488514
4.7008735843145235  1.4443177350349359
4.755307134965658  1.4023444105848715
4.810370996426762  1.3615667233785642
4.866072467353028  1.3219512689503545
4.922418930914095  1.2834655590170205
4.979417855772672  1.2460779967789488
5.037076797074514  1.2097578528768465
5.095403397449835  1.1744752419868345
5.154405388026337  1.1402011000371974
5.214090589453963  1.1069071620305022
5.274466912941512  1.0745659409461539
5.335542361305267  1.043150739767208
5.397325030029752  1.0126356470546187
5.459823108340785  0.9829954623377127
5.523044880290955  0.9542056720560798
5.586998725857651  0.926242431414
5.65169312205383  0.8990825466966111
5.717136644051636  0.8727034580365914
5.783337966319022  0.8470832226204018
5.850305863769547  0.8222004983233535
5.918049212925483  0.7980345277630502
5.986576993094382  0.7745651227609677
6.0558982875592795  0.7517726492021801
6.126022284782669  0.7296380122834781
6.19695827962443  0.7081426421403402
6.268715674573841  0.6872684798434479
6.341303980995878  0.6669979637556505
6.414732820391932  0.6473140162404907
6.489011925675131  0.6282000307136194
6.564151142460422  0.6096398590286265
6.640160430369603  0.5916177984205994
6.717049864351456  0.5741185278397472
6.794829636017171  0.5571270713123696
6.873510054991234  0.540628872243272
6.9531015502779585  0.5246097896487274
7.033614671643832  0.5090560862303511
7.1150600910158825  0.4939544167958745
7.19744860389623  0.47929181701652335
7.280791130793016  0.4650556925110117
7.365098718667908  0.4512338082464694
7.4503825424003605  0.4378142782469192
7.536653906268832  0.4247855556001951
7.6239242454491585  0.4121364227544803
7.712205127530268  0.3998559820959016
7.801508254047459  0.38793364679888526
7.891845462033423  0.3763591319412193
7.983228725587226  0.36512244587602527
8.075670157461472  0.3542138818530611
8.169182010667825  0.34362400988202
8.26377668010114  0.33334366883070493
8.359466704182386  0.3233639586285164
8.45626476652061  0.3136762245655694
8.554183697594128  0.3042720460874543
8.65323647645119  0.2951432434478132
8.75343623243034  0.2862818720423246
8.854796246900706  0.2776802155906761
8.957329955022415  0.26933077952014395
9.061050947527416  0.26122628454465185
9.165972972520919  0.2533596604333721
9.272109937303691  0.2457240399631212
9.37947591021545  0.23831275304897923
9.48808512249961  0.23111932104773558
9.59795197018962  0.22413745122893763
9.70909101601713  0.21736103140847599
9.82151699134229  0.21078412473979968
9.935244798106357  0.20440096465801147
10.050289510806923  0.19820594997223415
10.16666637849605  0.1921936401017884
10.284390826801493  0.1863587504518556
10.403478459971362  0.18069614792444047
10.52394506294244  0.17520084638224015
10.645806603432467  0.1698679904321432
10.769079234056639  0.16469284558605693
10.89377929446862  0.15967081418233917
11.019923313526348  0.15479743319617206
11.147528011482917  0.15006837020175265
11.27661030220282  0.1454794194602823
11.40718729540388  0.1410264981296599
11.539276298925104  0.13670564259191983
11.67289482102084  0.13251300489459342
11.808060572681457  0.12844484930229996
11.944791469980933  0.12449754895500105
12.083105636451604  0.12066758262946842
12.223021405486417  0.11695153160063777
12.364557322769008  0.11334607659962843
12.507732148731904  0.1098479948653192
12.65256486104321  0.10645415728647559
12.799074657122055  0.10316152563152357
12.947280956683224  0.09996714986316295
13.097203404311195  0.09686816553510741
13.248861872064003  0.09386179113779479
13.402276462107283  0.09094531688414917
13.557467509378768  0.08811609817649366
13.71445558428368  0.0853715678953045
13.873261495421303  0.08270923539364082
14.033906292343145  0.08012668412342071
14.196411268343034  0.07762156933969863
14.36079796327952  0.07519161588022763
14.52708816643096  0.07283461601769248
14.69530391938366  0.07054842738209509
14.865467518953471  0.06833097095086452
15.037601520141196  0.06618022910435402
15.211728739122256  0.06409424374446991
15.387872256270905  0.06207111447426323
15.566055419219557  0.06010899683638803
15.746301845953452  0.0582061006084115
15.92863542794123  0.05636068815303013
16.11308033330167  0.054571072821317824
16.299661010007213  0.052835617407198686
16.488402189124436  0.0511527326514031
16.679328888092222  0.04952087561218028
16.87246641403768  0.04793853611502562
17.06784036713071  0.04640422969199649
17.26547664397715  0.04491651653250653
17.46540144105143  0.043474001897746126
17.667641258168846  0.042075334583177276
17.872222901998114  0.040719205438189694
18.079173489614508  0.03940434594065074
18.288520452094275  0.03812952682417463
18.500291538150513  0.036893556756031703
18.71451481781132  0.03569528106369928
18.931218686140355  0.03453358050814613
19.15043186700066  0.03340737010201521
19.37218341686189  0.03231559797095092
19.596502728651814  0.03125724425638573
19.823419535652206  0.030231320058173243
20.052963915440067  0.029236866415518765
20.28516629387431  0.028272953324725035
20.520057449128657  0.027338678792327858
20.757668515771336  0.026433167922257455
20.99803098889184  0.025555571955428506
21.24117672827565  0.02470506204170049
21.487137962627134  0.02388082593759237
21.735947293841512  0.023082076224876635
21.987637701326108  0.022308050290020528
22.24224254637184  0.021558009446403143
22.499795576575117  0.02083123809101417
22.76033093031114  0.02012704289419426
23.023883141258825  0.019444752021043003
23.29048714297829  0.01878371438317785
23.560178273541155  0.018143298919589042
23.832992280214686  0.017522893905386472
24.10896532419994  0.016921906287290005
24.388133985424997  0.016339761044763024
24.6705352673935  0.015775900575736884
24.9562066020895  0.01522978410591964
25.24518585493897  0.014700887120725615
25.537511329828877  0.014188700818903038
25.833221774184263  0.013692731586977471
26.132356384104256  0.01321250049366515
26.43495480955735  0.012747542712678276
26.741057159637098  0.012297400986752105
27.05070400787845  0.011861622447086448
27.363936397635733  0.011439768398761235
27.680795847522933  0.01103141472661187
28.001324356916907  0.010636151316137874
28.325564411524415  0.01025358150010726
28.65355898901346  0.009883321529677953
28.985351564710058  0.009525000068913958
29.32098611736069  0.009178257711630455
29.660507134961794  0.008842746519552065
30.00395962065647  0.008518129580819263
30.351389098699713  0.008204080587922822
30.702841620492478  0.007900283434191227
31.05836377068589  0.007606431827996448
31.41800267335583  0.007322228923884019
31.781805998249332  0.007047386969869203
32.14982196710302  0.006781626970177762
32.52209936003498  0.006524678362741754
32.89868752201037  0.006276278710793825
33.279636369382196  0.006036173332570643
33.664996396507505  0.005804109998882789
34.05481868244052  0.005579836496145706
34.44915489770297  0.005363108896179421
34.84805731113308  0.005153691972853682
35.25157879681367  0.004951358797594792
35.659772841080574  0.004755890355486069
36.07269354961225  0.004567075180935457
36.49039565460131  0.004384709011939939
36.91293452200937  0.004208594462029834
37.340366158905596  0.004038540709025772
37.772747220890516  0.003874363199787086
38.210135019605524  0.0037158833701743514
38.652587530329605  0.0035629283794890595
39.100163399663764  0.003415330858691575
39.55292195330474  0.003272928671734041
40.01092320390836  0.003135564689378312
40.47422785904434  0.0030030865748998468
40.94289732924285  0.0028753465811080657
41.41699373613454  0.002752201358140606
41.89657992068461  0.0026335118217239418
42.38171945152237  0.002519146307136902
42.87247663336712  0.002408981745558416
43.368916515551774  0.002302897785531932
43.87110490064495  0.0022007762306329435
44.37910835317319  0.0021025010406423676
44.892994208443824  0.002007958331812741
45.4128305814704  0.0019170363761966689
45.93868637600105  0.0018296256000106354
46.47063129365179  0.001745618581010559
47.008735843145224  0.0016649100448590253
47.55307134965657  0.0015873968604672255
48.103709964267615  0.0015129780342982206
48.660724673530275  0.0014415547036211074
49.22418930914095  0.0013730301287090496
49.79417855772672  0.0013073096839771809
50.37076797074514  0.0012443008480593567
50.95403397449834  0.001183913192825898
51.54405388026337  0.0011260583713471003
52.140905894539614  0.0010706501048102978
52.744669129415115  0.001017604088129815
53.35542361305265  0.0009668326958251596
53.97325030029752  0.0009182430362351412
54.59823108340785  0.0008717461564975128
55.230448802909564  0.0008272576201708631
55.86998725857651  0.0007846971994163298
56.51693122053832  0.0007439885885624995
57.171366440516366  0.0007050591376174987
57.833379663190236  0.0006678396044073177
58.503058637695474  0.0006322639241238489
59.18049212925485  0.0005982689951608266
59.86576993094382  0.0005657944802015065
60.558982875592804  0.0005347826215994408
61.260222847826704  0.0005051780701638192
61.969582796244325  0.0004769277265240487
62.68715674573841  0.00044998059430539596
63.413039809958754  0.000424287644398837
64.14732820391932  0.00039980168965464587
64.89011925675128  0.00037647726937084053
65.64151142460422  0.00035427054298501677
66.401604303696  0.00033313923225602646
67.17049864351456  0.00031304512109659675
67.9482963601717  0.0002939547611289405
68.73510054991235  0.0002758347610170308
69.53101550277957  0.00025865147980028857
70.33614671643832  0.00024237116578457074
71.15060091015881  0.00022696008529804015
71.97448603896231  0.00021238464142034582
72.80791130793015  0.00019861148284841854
73.6509871866791  0.00018560760311104544
74.50382542400361  0.00017334043038757428
75.36653906268833  0.0001617779082235848
76.23924245449157  0.00015088856746854997
77.1220512753027  0.00014064158978738437
78.0150825404746  0.00013100686311984805
78.91845462033426  0.00012195502947909424
79.83228725587227  0.00011345752549367055
80.75670157461474  0.00010548661610620692
81.69182010667825  9.801542184723e-05
82.63776680101141  9.101794010427813e-05
83.59466704182385  8.44690388915062e-05
84.56264766520609  7.834306314974339e-05
85.54183697594128  7.261351036327976e-05
86.53236476451187  6.725559785037002e-05
87.5343623243034  6.224633641419243e-05
88.54796246900705  5.7564367659839374e-05
89.57329955022415  5.31898172055139e-05
90.61050947527413  4.910416223479597e-05
91.65972972520919  4.5290112004771196e-05
92.72109937303689  4.173150007208031e-05
93.7947591021545  3.841318712812451e-05
94.88085122499608  3.5320973447978245e-05
95.97951970189618  3.244152005699625e-05
97.0909101601713  2.976227780638518e-05
98.21516991342294  2.727142362566805e-05
99.35244798106355  2.4957803287381015e-05
100.50289510806927  2.281088007865647e-05
101.6666637849605  2.0820688826701367e-05
102.84390826801496  1.8977794771445475e-05
104.0347845997136  1.7273256819722602e-05
105.23945062942443  1.5698583596203943e-05
106.45806603432467  1.42450060159551e-05
107.69079234056642  1.2903370981880842e-05
108.9377929446862  1.1665443199988553e-05
110.19923313526353  1.0523881495040416e-05
111.47528011482918  9.472103476247748e-06
112.76610302202819  8.504167992862636e-06
114.0718729540388  7.61467326353495e-06
115.39276298925103  6.798668939290851e-06
116.7289482102084  6.0515806568408885e-06
118.08060572681454  5.3691458684832695e-06
119.44791469980933  4.747359907309262e-06
120.831056364516  4.182431370761105e-06
122.23021405486418  3.6707459900481153e-06
123.64557322769004  3.208838205163407e-06
125.07732148731904  2.793369692510326e-06
126.52564861043204  2.4211141013864315e-06
127.99074657122058  2.0889472533391454e-06
129.47280956683227  1.7938420508715553e-06
130.972034043112  1.532867334735574e-06
132.48861872064003  1.3031976325827334e-06
134.02276462107287  1.1025645542905634e-06
135.57467509378768  9.291497109601213e-07
137.14455584283684  7.806975300359904e-07
138.73261495421303  6.546706454895259e-07
140.3390629234315  5.484454006342729e-07
141.96411268343033  4.594538669488369e-07
143.60797963279524  3.8527951559758143e-07
145.2708816643096  3.237150845587112e-07
146.95303919383664  2.727912772313107e-07
148.65467518953471  2.307841928077067e-07
150.37601520141197  1.9620821701107255e-07
152.11728739122248  1.6779978091149952e-07
153.8787225627091  1.4449611409277718e-07
155.66055419219558  1.254119846132875e-07
157.4630184595345  1.098164806407108e-07
159.28635427941222  9.711115620175712e-08
161.1308033330168  8.681032150723215e-08
162.9966101000721  7.852388077529705e-08
164.8840218912444  7.194287842273227e-08
166.79328888092212  6.682695145193319e-08
168.72466414037692  6.294123264923184e-08
170.6784036713071  6.002833515014058e-08
172.65476643977146  5.788612871622196e-08
174.65401441051424  5.635721950879385e-08
176.67641258168857  5.531477466719824e-08
178.72222901998114  5.465236576959774e-08
180.7917348961451  5.427660897106428e-08
182.88520452094264  5.410184309589861e-08
185.00291538150523  5.404639370679986e-08
187.1451481781132  5.403017557877696e-08
189.31218686140355  5.3973518151093376e-08
191.5043186700065  5.379717356275766e-08
193.721834168619  5.3423491165476445e-08
195.9650272865181  5.2778718211760184e-08
198.23419535652206  5.1796315966821346e-08
200.52963915440066  5.0421069779912565e-08
202.85166293874298  4.861363366514956e-08
205.20057449128666  4.6355006695974735e-08
207.57668515771337  4.365032087413412e-08
209.98030988891838  4.0531803772924885e-08
212.4117672827564  3.709324477648029e-08
214.87137962627145  3.349080341444794e-08
217.3594729384151  2.9867009738283775e-08
219.87637701326108  2.6338858460395116e-08
222.4224254637183  2.2995601352943477e-08
224.99795576575127  1.989934594060347e-08
227.6033093031114  1.708766147328229e-08
230.23883141258827  1.4577392585810039e-08
232.90487142978276  1.236898457138174e-08
235.60178273541166  1.0450782644812454e-08
238.32992280214685  8.802940028114901e-09
241.0896532419994  7.400727636327179e-09
243.88133985424986  6.217165677555711e-09
246.7053526739351  5.224989132027321e-09
249.562066020895  4.398016596500221e-09
252.4518585493897  3.712021205331028e-09
255.37511329828862  3.1452106364531237e-09
258.3322177418428  2.678417758808078e-09
261.3235638410425  2.2950903100089308e-09
264.3495480955735  1.9811322651160508e-09
267.41057159637097  1.723532609348546e-09
270.5070400787844  1.510172692381916e-09
273.6393639763574  1.3316738246793412e-09
276.8079584752293  1.1808543229095064e-09
280.01324356916905  1.0521679338673911e-09
283.255644115244  9.412980210321284e-10
286.53558989013476  8.448617383602887e-10
289.8535156471006  7.601925693824427e-10
293.2098611736069  6.851791621342165e-10
296.6050713496178  6.181448984745626e-10
300.03959620656485  5.577571114263046e-10
303.5138909869971  5.029579705884609e-10
307.02841620492484  4.5291123424604303e-10
310.5836377068588  4.0696061307748394e-10
314.18002673355846  3.6459660430512965e-10
317.8180599824933  3.2542947299635847e-10
321.4982196710302  2.8916667201785515e-10
325.22099360034963  2.5559346692797124e-10
328.9868752201039  2.2455590863948063e-10
332.79636369382195  1.9594729308983276e-10
336.649963965075  1.697951120949022e-10
340.54818682440504  1.4623364369797496e-10
344.4915489770299  1.2528844467488324e-10
348.48057311133084  1.0688622305053691e-10
352.51578796813664  9.08834569671819e-11
356.5977284108057  7.70913651941149e-11
360.7269354961222  6.529648810248788e-11
364.90395654601326  5.5276749578511586e-11
369.12934522009374  4.681328898995273e-11
373.403661589056  3.969860016009108e-11
377.727472208905  3.374162621064177e-11
382.1013501960554  2.8770473063633007e-11
386.525875303296  2.463335520212511e-11
391.0016339966377  2.119830353146198e-11
395.52921953304724  1.835206808636242e-11
400.10923203908385  1.599855220920458e-11
404.7422785904434  1.4057028234233081e-11
409.42897329242845  1.2460311854783224e-11
414.16993736134526  1.1153014444719704e-11
418.96579920684627  1.0089839494059504e-11
423.81719451522366  9.227270390973415e-12
428.72476633367114  8.520829221427526e-12
433.68916515551746  7.935640991137297e-12
438.7110490064497  7.444672765283183e-12
443.7910835317319  7.026589396731425e-12
448.92994208443827  6.664242841729814e-12
454.1283058147038  6.343606566266215e-12
459.3868637600107  6.053029159749605e-12
464.7063129365179  5.782721875898425e-12
470.08735843145234  5.524421028101275e-12
475.5307134965657  5.2711827398864174e-12
481.0370996426759  5.01727754689554e-12
486.60724673530297  4.7581578247246995e-12
492.2418930914094  4.490473485317947e-12
497.9417855772671  4.21211207528045e-12
503.7076797074511  3.92223943295713e-12
509.5403397449836  3.6213174632454132e-12
515.4405388026337  3.3110773236168467e-12
521.4090589453962  2.994430145338268e-12
527.4466912941509  2.6753476517943355e-12
533.5542361305268  2.3612857624158763e-12
539.7325030029752  2.0626462108999768e-12
545.9823108340786  1.786862012550056e-12
552.3044880290953  1.538259385536779e-12
558.6998725857653  1.3186289986246935e-12
565.1693122053832  1.1278526620884542e-12
571.7136644051635  9.644973088078638e-13
578.333796631902  8.263247913896271e-13
585.0305863769551  7.106959866974414e-13
591.8049212925484  6.148688161999665e-13
598.6576993094382  5.362024621667089e-13
605.5898287559278  4.72286006266557e-13
612.6022284782673  4.210110513535418e-13
619.6958279624431  3.8060655656650095e-13
626.8715674573841  3.496516585463972e-13
634.1303980995875  3.270797703955319e-13
641.4732820391928  3.1218551382049554e-13
648.9011925675132  3.046456541661029e-13
656.4151142460422  3.045668361745501e-13
664.0160430369601  3.1256925542478735e-13
671.7049864351452  3.293374739383584e-13
679.4829636017173  3.552086089952047e-13
687.3510054991235  3.9089940952101605e-13
695.3101550277956  4.3749944032855636e-13
703.3614671643828  4.963782031595266e-13
711.5060091015885  5.69065653758458e-13
719.744860389623  6.57080039293797e-13
728.0791130793016  7.616793129039934e-13
736.5098718667907  8.835187888686977e-13
745.0382542400364  1.0222118698537952e-12
753.6653906268834  1.1758158438326576e-12
762.3924245449158  1.340302142657995e-12
771.2205127530266  1.5091169221882146e-12
780.1508254047463  1.672983265349822e-12
789.1845462033425  1.8201223923513403e-12
798.3228725587226  1.9370535818660157e-12
807.5670157461469  2.0100482320075346e-12
816.9182010667828  2.0271546579845816e-12
826.3776680101141  1.9804989050218943e-12
835.9466704182386  1.868419759396129e-12
845.6264766520609  1.7002419984871177e-12
855.4183697594123  1.4959524019421695e-12
865.3236476451191  1.2760573341245546e-12
875.3436232430341  1.0581387200963035e-12
885.4796246900704  8.55282647305654e-13
895.732995502241  6.756876477232621e-13
906.1050947527417  5.231499552692185e-13
916.5972972520918  3.98038360496292e-13
927.210993730369  2.9841236704972434e-13
937.9475910215446  2.2104285856383566e-13
948.8085122499614  1.6221035333108977e-13
959.7951970189619  1.1824905883033462e-13
970.909101601713  8.586347977660843e-14
982.1516991342289  6.227096221369458e-14
993.5244798106361  4.522760560276742e-14
1005.0289510806927  3.298657111510511e-14
1016.6666378496051  2.4224841178975906e-14
1028.439082680149  1.79617860613841e-14
1040.3478459971368  1.3482720940316318e-14
1052.3945062942441  1.0273332824995488e-14
1064.5806603432468  7.956701919386218e-15
1076.9079234056637  6.2584316361669966e-15
1089.3779294468627  4.993927717400505e-15
1101.9923313526353  4.03828465131111e-15
1114.7528011482918  3.305697907638453e-15
1127.6610302202819  2.7363684680553713e-15
1140.7187295403874  2.2880462185907237e-15
1153.9276298925108  1.930489444969496e-15
1167.2894821020839  1.6417843601339492e-15
1180.8060572681452  1.4058677312690844e-15
1194.4791469980928  1.2108381574376385e-15
1208.3105636451608  1.0477909501271526e-15
1222.3021405486415  9.100048729037628e-16
1236.4557322769003  7.923680297855266e-16
1250.7732148731898  6.909680149056765e-16
1265.2564861043213  6.02795968025312e-16
1279.9074657122057  5.255302863222703e-16
1294.7280956683226  4.573764485430882e-16
1309.720340431119  3.96946617546841e-16
1324.886187206401  3.431711913290814e-16
1340.2276462107284  2.954386181168373e-16
1355.7467509378766  2.53502857556318e-16
1371.4455584283676  2.170139979859798e-16
1387.3261495421311  1.8552911257795503e-16
1403.390629234315  1.5855719531191794e-16
1419.6411268343036  1.3559371168648354e-16
1436.0797963279517  1.161456602611466e-16
1452.7088166430967  9.974850771402282e-17
1469.5303919383664  8.597653667479627e-17
