0.0014865467518953472  5441.466860776008
0.001871451481781132  6669.916154392752
0.0023560178273541164  8128.64958224365
0.002966050713496178  9832.71608386648
0.00373403661589056  11781.408022850872
0.0047008735843145225  13948.229967975636
0.005918049212925484  16267.903460616833
0.007450382542400364  18625.233005331527
0.009379475910215446  20835.459797942072
0.011808060572681455  22634.933754989026
0.014865467518953472  23682.89728934547
0.01871451481781132  23599.95128553265
0.023560178273541156  22098.181295089234
0.029660507134961794  19230.737818132224
0.0373403661589056  15663.135395621257
0.04700873584314522  12536.199713852204
0.05918049212925485  10520.987192491817
0.0745038254240036  8661.825750361662
0.0937947591021545  5926.563933618531
0.11808060572681454  4263.620575629798
0.14865467518953474  3067.0639391343193
0.18714514817811317  2058.660217981643
0.23560178273541155  1316.725701977842
0.29660507134961794  857.9553414816052
0.3734036615890561  546.6196846323002
0.4700873584314523  340.4500102118485
0.5918049212925482  207.39261475670216
0.7450382542400361  124.58185204129882
0.9379475910215449  73.85272223229836
1.1808060572681456  43.2537753643208
1.4865467518953472  25.05329888774096
1.8714514817811319  14.361951674745805
2.356017827354116  8.151482945598806
2.966050713496179  4.580951622166179
3.734036615890561  2.5465959459128475
4.7008735843145235  1.3976986091433357
5.918049212925483  0.7546102487164777
7.4503825424003605  0.39808332660538703
9.37947591021545  0.20291599783145417
11.808060572681457  0.09814766242591881
14.865467518953471  0.04382905313492289
18.71451481781132  0.01732017464724931
23.560178273541155  0.005773598863593061
29.660507134961794  0.001496442739947922
37.340366158905596  0.0002908617242511581
47.008735843145224  2.4597734130417012e-05
59.18049212925485  2.034301994077538e-06
74.50382542400361  6.929150038020561e-07
93.7947591021545  3.174398863642543e-08
118.08060572681454  9.430215739178242e-10
148.65467518953471  1.5131115755794922e-09
187.1451481781132  2.2384449982024682e-12
235.60178273541166  2.839565624067269e-13
296.6050713496178  7.245125863428599e-11
373.403661589056  2.443813561308243e-15
