0.0014865467518953472  5441.32773566404
0.001871451481781132  6669.747377655647
0.0023560178273541164  8128.442918976394
0.002966050713496178  9832.469279815621
0.00373403661589056  11781.113299949688
0.0047008735843145225  13947.883650703212
0.005918049212925484  16267.825423842542
0.007450382542400364  18624.97119965936
0.009379475910215446  20835.11611705934
0.011808060572681455  22634.55198012776
0.014865467518953472  23682.01207171566
0.01871451481781132  23598.902737464607
0.023560178273541156  22097.25252341017
0.029660507134961794  19227.858346676087
0.0373403661589056  15659.849791495799
0.04700873584314522  12535.978104316257
0.05918049212925485  10520.532671138364
0.0745038254240036  8661.66699551236
0.0937947591021545  5926.436625538882
0.11808060572681454  4263.479694991898
0.14865467518953474  3067.0039233688
0.18714514817811317  2058.692273639074
0.23560178273541155  1316.7383644797728
0.29660507134961794  857.9700338296209
0.3734036615890561  546.6436962117247
0.4700873584314523  340.4812891323268
0.5918049212925482  207.43431092503798
0.7450382542400361  124.62630983757343
0.9379475910215449  73.90484655079163
1.1808060572681456  43.307986756084716
1.4865467518953472  25.107956048367367
1.8714514817811319  14.416368666357293
2.356017827354116  8.205525281283974
2.966050713496179  4.633303888229447
3.734036615890561  2.597027622726136
4.7008735843145235  1.4458253244162311
5.918049212925483  0.7994565422370308
7.4503825424003605  0.4390637635325066
9.37947591021545  0.23953268007647693
11.808060572681457  0.12951714916628296
14.865467518953471  0.06931739799623142
18.71451481781132  0.03658124534647274
23.560178273541155  0.018892702463580456
29.660507134961794  0.00945573957587421
37.340366158905596  0.004501796335748825
47.008735843145224  0.001989746025829843
59.18049212925485  0.0007796034311948574
74.50382542400361  0.0002607911096063164
93.7947591021545  6.762322575484063e-05
118.08060572681454  1.3976083984971506e-05
