0.0014865467518953472  5441.4717366901195
0.001871451481781132  6669.923800302807
0.0023560178273541164  8128.658204640723
0.002966050713496178  9832.729613253474
0.00373403661589056  11781.424406730786
0.0047008735843145225  13948.25320034939
0.005918049212925484  16268.254538764919
0.007450382542400364  18625.462026460063
0.009379475910215446  20835.66863379999
0.011808060572681455  22635.15220087441
0.014865467518953472  23682.6395208871
0.01871451481781132  23599.53676466851
0.023560178273541156  22097.833058622527
0.029660507134961794  19228.356484294145
0.0373403661589056  15660.291821048468
0.04700873584314522  12536.288697210106
0.05918049212925485  10520.812869903319
0.0745038254240036  8661.886764447323
0.0937947591021545  5926.5792674221
0.11808060572681454  4263.574609967734
0.14865467518953474  3067.0673150341318
0.18714514817811317  2058.7203906382906
0.23560178273541155  1316.7398545862754
0.29660507134961794  857.984112223869
0.3734036615890561  546.6174437698692
0.4700873584314523  340.4460311336086
0.5918049212925482  207.39171860466124
0.7450382542400361  124.57830792065042
0.9379475910215449  73.85408785278734
1.1808060572681456  43.25408849913953
1.4865467518953472  25.053521139728314
1.8714514817811319  14.361766952567853
2.356017827354116  8.151557989730277
2.966050713496179  4.580684333123093
3.734036615890561  2.546449635665852
4.7008735843145235  1.3977482594978714
5.918049212925483  0.7546080439028902
7.4503825424003605  0.39808307642068164
9.37947591021545  0.20290778397276474
11.808060572681457  0.09815692640908842
14.865467518953471  0.043807024561164
18.71451481781132  0.017344832152453846
23.560178273541155  0.005771961317453922
29.660507134961794  0.0014997064145855202
37.340366158905596  0.00029025335375530036
47.008735843145224  2.558039225558202e-05
59.18049212925485  2.0382938993953256e-06
74.50382542400361  7.653238532388364e-07
93.7947591021545  2.021260191616587e-08
118.08060572681454  8.406417836118005e-10
